
Last position-specific scoring matrix computed, weighted observed percentages rounded down, information per position, and relative weight of gapless real matches to pseudocounts
            A   R   N   D   C   Q   E   G   H   I   L   K   M   F   P   S   T   W   Y   V   A   R   N   D   C   Q   E   G   H   I   L   K   M   F   P   S   T   W   Y   V
    1 M    -4  -4  -5  -6  -4   1  -4  -6  -4   0   4  -4   8  -2  -5  -4  -3  -4  -4  -2    0   0   0   0   0   8   0   0   0   3  38   0  52   0   0   0   0   0   0   0  1.44 0.51
    2 D    -1  -1   4   5  -4  -2   1  -2  -1  -3  -5  -2  -4  -5  -2   2   0  -6  -4  -3    3   4  22  30   0   0   8   2   1   2   0   0   0   0   1  20   6   0   0   1  0.67 0.33
    3 L    -1  -3   2  -2  -3  -1  -1  -4  -1   1   3  -3   3  -1  -2   0   0  -3   3   0    6   0  12   1   0   1   5   0   1   6  30   0   9   1   2   6   4   0  11   3  0.27 0.22
    4 S    -2  -2   3   0  -4   1  -1   0   0  -2  -3  -2   1  -1  -1   3   2  -4   2  -2    1   1  19   5   0   8   3   6   2   2   2   0   4   2   3  23  11   0   7   2  0.31 0.25
    5 S     0  -3   2  -2  -4   0   0   1   0  -3  -2  -2  -2  -1  -2   4   2   0   1  -3    5   0   9   1   0   4   7  10   2   1   4   0   1   3   2  33  12   1   6   0  0.34 0.27
    6 Q    -1  -2   0   2   0   2   2   0   0  -2  -2  -1  -3  -3   0   2  -1  -4   1  -2    3   0   3  12   2  11  15   8   2   2   4   2   0   1   4  22   2   0   6   2  0.26 0.22
    7 E    -1  -2   0   3  -4   1   2  -1  -3  -3  -2  -2  -3  -2   2   1   2  -5  -3   0    4   1   3  17   0   5  15   3   0   0   3   0   0   2  12  13  14   0   1   7  0.34 0.24
    8 Y     0  -3  -1  -1  -4  -1   2   0  -1  -2  -1  -3  -1   0   2   0   1   0   5  -3    8   0   3   2   0   2  13   9   1   1   7   0   1   4   9   6  11   1  20   0  0.29 0.24
    9 D    -1  -1   4   4  -5   1   2  -1   0  -3  -3  -2  -4  -3  -1   0   1  -5  -2  -2    5   3  23  21   0   5  13   4   1   2   2   1   0   1   2   6   7   0   1   2  0.44 0.27
   10 P     0  -1  -1  -1  -3  -1   0   1   0  -2  -2  -2  -2  -2   5   2   1  -4  -1  -2    8   3   2   3   0   1   5   9   2   1   4   1   0   1  25  17   9   0   2   3  0.40 0.25
   11 S     0  -1   1  -2  -4   0   0  -2  -2  -1  -3  -2  -1  -1  -1   5   2  -2   0  -3    6   3   6   1   0   4   5   2   0   3   1   1   1   2   3  43  12   1   3   1  0.50 0.35
   12 Q     0  -1   0   1  -1   1   1   0   2   0  -1  -1   0  -1  -1   1   1   0   1  -1    7   2   4   6   1   6  10   7   5   6   6   2   2   3   2  13   9   1   5   2  0.06 0.08
   13 F    -1  -3   1  -1   0  -3   0  -2  -1  -1   2  -2  -1   4   0   0   0  -1   1  -1    5   1   9   3   2   0   6   2   1   1  22   1   0  20   5   6   6   1   5   4  0.21 0.18
   14 C    -1  -2   0  -1   6  -3  -1  -1  -2  -1  -1  -2  -2   0   1   0   1   2   2   0    3   1   6   4  17   0   3   5   0   3   7   2   1   4   8   9   8   3   9   6  0.25 0.19
   15 F     0  -2   2   0  -2  -3  -2   0  -1  -2  -3  -3  -1   1   1   1   1  -1   5  -3    6   2  10   5   1   0   2   7   1   2   1   1   2   6   6  13   9   1  25   1  0.40 0.28
   16 P    -1  -1   1   0  -1  -2   1   0  -2  -3  -1  -1  -3  -2   4  -1   2  -1   1  -1    5   2   6   6   2   0  12   8   1   1   6   4   0   2  20   3  13   1   5   4  0.26 0.20
   17 A     1  -2   3   2   0  -1  -1   1  -1  -2  -3  -2  -2  -3   1   2   1  -5  -2  -2   10   1  16  12   2   1   3  12   1   3   3   0   1   1   8  14   7   0   1   2  0.27 0.21
   18 V     0  -2  -1   0  -2   0   0  -1  -2   0   1  -2   0  -1   0   2   0   0  -1   1    8   1   1   6   1   3   5   4   0   7  13   1   2   3   4  19   6   1   2  12  0.07 0.11
   19 N    -2  -2   7   1  -5   0  -2   0   0  -5  -3  -1  -5  -6  -1   1   0  -6  -5  -4    4   2  49   8   0   3   2   6   2   1   2   3   0   0   3  11   4   0   0   1  0.94 0.47
   20 N     1   1   2   0  -1   0   1   2   0  -2  -2  -1  -3  -1   1   1   0  -3  -3  -2   10   8  11   5   2   2  11  14   2   2   3   2   0   3   6   9   4   0   0   2  0.15 0.13
   21 S    -1  -4  -1   0  -1  -1  -1  -2  -4  -3  -4  -2  -3  -3   3   5   3  -6  -4  -4    3   0   2   4   1   2   3   2   0   1   1   2   1   1  16  41  19   0   0   0  0.78 0.47
   22 C     0  -4  -1   0   7  -1  -2   1   0  -3  -2  -3  -2  -1   3  -1  -1  -1  -1  -1    7   0   2   7  24   3   3  13   2   1   3   1   1   3  15   3   4   1   2   5  0.51 0.29
   23 L     0  -1  -1  -1   2   0   0  -3   0   0   1  -1  -1   1   3   0   0  -1   0   0    6   3   2   4   5   4   5   1   2   6  13   2   1   7  17   6   5   1   2   9  0.15 0.12
   24 K    -1   2   1   1  -3   1   2  -1   0  -2  -1   2  -2  -3   2  -1  -1  -2  -2  -1    4  14   6   9   0   5  15   5   2   1   5  11   1   1  10   3   4   1   1   4  0.22 0.16
   25 G     0  -1   0   0  -2   0   1   2  -3  -2  -2  -2  -3  -1  -1   2   1   4   2  -2    5   3   4   4   1   3   8  19   0   1   5   2   0   2   3  15  10   5   7   3  0.20 0.18
   26 T     0  -3   0   1  -2   1   1   0  -2  -3  -2  -1  -3   0   4   1   1  -2  -1   0    6   0   5   8   1   6  10   6   1   0   3   2   0   5  18   9   9   0   2   8  0.24 0.19
   27 H     0   1   0  -1  -2   0  -1   0   2  -1  -1  -1  -2  -1   1   0   0   3   4  -1    6   7   4   2   1   5   4   7   4   5   5   3   1   1   6   6   6   4  17   5  0.15 0.15
   28 H    -1   0   1   0  -4   1  -1  -2   5  -4  -2  -1  -2  -2   0   2  -1   5   2  -2    4   4   6   5   0   5   3   3  15   0   4   3   1   1   6  19   2   8   7   2  0.37 0.27
   29 V    -1  -1  -1  -2  -1   0  -2  -3   0   1   2  -2   0  -1   3  -1   0   0   0   1    5   4   4   2   1   4   1   1   2   7  23   1   3   2  16   5   4   1   3   9  0.20 0.16
   30 S     2  -2  -1  -2  -3  -1   0   0  -2  -1  -1  -2  -2   2   1   1   0   4   0   0   17   1   2   2   0   2   6   9   0   3   5   1   0  10   8  12   5   7   3   7  0.17 0.16
   31 T     1  -2   0  -1  -2  -1   0  -1  -1   0   1  -2  -1  -1   1   1   0   1   0   1   15   1   4   3   0   2   7   3   1   6  15   1   1   1   7  10   6   2   4  11  0.08 0.11
   32 Q     1   2  -1  -2  -4   2   0  -2  -1  -2  -2   2  -1   1   1  -1   0   0   1  -1   12  13   3   1   0  10   6   1   1   2   3  15   1   6   6   2   5   1   5   5  0.18 0.17
   33 T     1  -2  -2  -2  -1  -1  -4  -3  -2   3   0  -3   0  -3  -1  -1   0   6  -1   2   15   2   2   3   1   3   0   1   1  18   7   1   2   0   3   5   6  11   2  17  0.34 0.25
   34 V     2  -4  -4  -5  -1  -3  -3  -2  -4   3   2  -3   2   2  -3  -2   0   1  -2   2   16   0   0   0   1   1   1   2   0  14  21   1   4   9   1   3   6   2   1  17  0.36 0.25
   35 V    -1  -4  -5  -5  -1  -1  -4  -5  -4   3   3  -4   2   1  -3  -1   0  -1   0   2    4   0   0   0   1   3   1   0   0  18  32   1   4   4   1   4   6   1   4  16  0.49 0.29
   36 Y     1  -4  -3  -4  -1  -3  -3   1  -3   1  -1  -3  -1   1   3   1   0   0   3   0   14   0   0   0   1   0   1  11   0   8   6   1   1   7  15   9   6   1  12   7  0.30 0.24
   37 L     1  -4  -4  -5   1  -4  -4  -3  -5   3   2  -4   1   0   0   0   1  -5  -3   3   15   1   0   0   3   0   0   1   0  15  17   0   3   5   5   6   8   0   0  22  0.38 0.26
   38 I     1  -5  -6  -6  -3  -5  -5  -4  -5   2   2  -5   0   3  -5  -3  -1  -4   0   4   14   0   0   0   0   0   0   1   0  11  22   0   2  13   0   1   4   0   3  28  0.65 0.37
   39 L    -3  -6  -6  -6  -1  -5  -3  -4  -3   2   2  -6   5   4  -6  -5  -3  -3   7  -1    2   0   0   0   1   0   2   2   0  10  19   0  13  14   0   0   2   0  31   3  1.05 0.51
   40 A     2  -4  -3  -4   2  -3  -2   2  -4   0   1  -4  -1   1  -4   2   0   1  -2   0   19   0   0   0   4   0   2  15   0   6  14   0   2   5   0  19   5   2   1   6  0.31 0.26
   41 S     0  -4  -5  -5  -1  -4  -5  -2  -5   3   3  -5   0   3  -4  -1   0  -3   0   2   10   0   0   0   1   0   0   4   0  14  31   0   1  11   0   5   5   0   2  16  0.48 0.30
   42 A    -2  -5  -6  -6  -1  -5  -5  -2  -6   5   3  -5   2  -2  -6  -3   0  -4  -4   3    2   0   0   0   1   0   1   4   0  29  26   0   5   1   0   1   7   0   0  23  0.83 0.41
   43 M    -1  -6  -5  -5   4  -6  -6   1  -6   4  -3  -6   2   6  -6  -3   0  -1  -3   0    4   0   0   1   9   0   0  10   0  25   1   0   4  33   0   2   6   1   0   5  0.96 0.48
   44 T     0  -5  -5  -6  -1  -5  -5  -4  -5   2   4  -5   0   1  -5  -2   0  -5  -4   3    8   0   0   0   1   0   0   1   0  12  36   0   1   7   0   3   7   0   0  23  0.68 0.37
   45 V    -1  -5  -5  -6   0  -5  -5  -5  -5   2   3  -5   1   3  -5  -3   0  -2  -3   4    5   0   0   0   2   0   0   1   0  10  30   0   3  11   0   1   5   0   0  31  0.74 0.38
   46 T     1  -5  -3  -2   2  -4  -5   5  -5   1  -4  -4  -5  -5  -5   2   2  -6  -5  -3   13   0   0   2   4   0   0  42   0   8   1   0   0   0   0  15  11   0   0   1  0.85 0.46
   47 V    -2  -5  -6  -6   0  -5  -6  -4  -6   4   3  -5   1   2  -5  -4   0  -3  -4   4    3   0   0   0   2   0   0   1   0  22  28   0   2   7   0   1   5   0   0  27  0.82 0.40
   48 L     0  -5  -5  -5   1  -5  -5  -4  -5   1   3  -5   0   3   1  -2  -1  -4  -3   3    9   0   0   0   3   0   0   1   0   8  32   0   1  10   6   3   4   0   0  21  0.54 0.32
   49 G    -3  -6  -5  -5  -7  -6   1   7  -6  -3  -4  -6  -6  -7  -6  -3  -4  -2  -7  -3    2   0   0   0   0   0   8  79   0   2   2   0   0   0   0   2   1   1   0   2  1.91 0.78
   50 N    -8  -6   9  -4  -9  -6  -6  -6  -3  -9 -10  -6  -8  -9  -8  -5  -5 -10  -8  -9    0   0  99   0   0   0   0   0   0   0   0   0   0   0   0   0   0   0   0   0  3.47 1.26
   51 S     1  -5  -3  -5  -1  -4  -4   1  -5   2   2  -4   1   2  -5   1   0  -4  -3   2   10   0   0   0   1   0   0  13   0  11  20   0   3   9   0  13   6   0   0  14  0.35 0.27
   52 V    -2  -6  -7  -7  -1  -6  -7  -7  -7   1   6  -6   2   1  -7  -5  -1  -6  -5   2    4   0   0   0   1   0   0   0   0   7  64   0   5   5   0   0   3   0   0  11  1.26 0.58
   53 V    -5  -7  -8  -8  -6  -7  -7  -8  -8   0  -1  -7  -3  -3  -7  -6   1  -8  -6   7    0   0   0   0   0   0   0   0   0   3   5   0   0   1   0   0   9   0   0  81  2.07 0.86
   54 I    -3  -7  -7  -7   5  -5  -7  -7  -7   6   2  -7   4  -3  -7  -6  -4  -6  -5   3    2   0   0   0  11   0   0   0   0  42  18   0  10   0   0   0   0   0   0  16  1.35 0.59
   55 I     1  -5  -5  -6  -2  -5  -5  -3  -1   2   2  -3   1   2  -5  -3  -1   6   4   1   11   0   0   0   1   0   0   2   1  11  20   2   3   8   0   2   4  11  13  11  0.59 0.34
   56 S     4  -5  -5  -5  -1  -4  -5  -4  -5   2  -2  -4  -2  -4  -5   0   1  -5  -5   5   30   0   0   0   1   1   0   1   0  11   3   0   1   0   0   8   7   0   0  35  0.82 0.45
   57 I    -5  -6  -6  -7  -5  -6  -7  -7  -7   5   1  -6   0   3  -6  -5   2  -6  -3   4    0   0   0   0   0   0   0   0   0  31  12   0   2  12   0   0  11   0   1  31  1.12 0.53
   58 A     2  -4  -4  -5   2  -4  -4  -2   0   2   2  -2   2   2  -4  -1   0   2   2   0   17   0   0   0   4   0   0   3   2  12  19   3   4   7   0   5   5   3   8   7  0.30 0.23
   59 H    -2   4  -1  -4   1   1  -1  -1   1  -3  -1   3  -2  -1  -5  -1   1  -5   0  -2    2  27   2   0   3   6   3   5   3   1   6  20   1   3   0   3   8   0   4   3  0.45 0.31
   60 F    -2  -2   4  -4   1   0  -1  -3   5  -4  -4  -1  -3   4  -5   1   1  -3   3  -2    3   1  19   0   3   4   4   1  13   1   0   4   0  15   0  10   9   0  10   3  0.58 0.38
   61 K    -3   5  -4  -5  -7   0  -2  -4  -3  -7  -7   6  -2  -7   2  -1  -3  -7  -6  -7    2  31   0   0   0   4   1   1   1   0   0  44   1   0   9   4   2   0   0   0  1.38 0.67
   62 Q     0   3   1  -4  -5   1  -1  -2   2  -3  -4   4   1  -5  -2   1  -1  -2  -2  -3    8  13   8   0   0   7   3   3   4   1   1  27   4   0   2  12   3   1   1   2  0.46 0.33
   63 L    -3  -3  -5  -7  -6  -5  -6  -5  -6  -3   5  -1   6   0  -2  -2  -1  -6  -5  -3    2   2   1   0   0   0   0   1   0   0  60   4  18   3   2   3   3   0   0   1  1.25 0.61
   64 Q    -6   7  -5  -6  -1   3  -4  -6   7  -8  -4   3  -6  -7  -5  -5  -6  -5  -5  -6    0  48   0   0   1  13   1   0  21   0   2  13   0   0   0   0   0   0   0   1  1.73 0.77
   65 T    -2  -1   3  -3  -4   0  -5  -5   1  -3  -5  -2  -5  -2  -5   4   6  -7  -4  -4    2   4  12   1   0   4   0   0   4   2   0   2   0   2   0  25  42   0   0   1  1.05 0.60
   66 P     0  -5  -6  -6  -5  -5  -5  -5  -3  -1  -1  -4   3  -6   6  -1   0  -7  -6   4    9   1   0   0   0   0   0   1   1   3   6   1   6   0  35   4   7   0   0  28  1.03 0.54
   67 T     1  -4  -1  -5  -4   0  -5  -2  -6   0   0  -5   3  -4   0   0   6  -6  -5  -4   10   1   2   0   0   4   0   3   0   5  11   0   7   0   4   5  48   0   0   0  0.90 0.54
   68 N    -6  -6   8   2  -8  -4  -3  -6   0  -8  -8  -5  -5  -1  -7  -1  -1  -7   3  -6    0   0  64  10   0   0   1   0   2   0   0   0   0   3   0   5   4   0   8   0  1.88 0.83
   69 I    -4  -6  -4  -7   2  -6  -6  -7  -4   4   1  -3   0   4  -7  -5  -1   2   6   1    1   0   1   0   4   0   0   0   0  20  14   2   2  13   0   1   3   3  29   8  1.02 0.50
   70 L    -6  -7  -8  -8  -2  -7  -8  -8  -5   2   2  -7  -4   7  -8  -4  -6   3   5  -3    0   0   0   0   1   0   0   0   0  10  19   0   0  46   0   1   0   3  17   1  1.68 0.70
   71 V    -5  -4  -7  -8  -5  -6  -7  -8  -3   6   4  -7   0   0  -6  -7  -5  -6  -1   3    0   1   0   0   0   0   0   0   1  43  33   0   1   3   0   0   0   0   2  15  1.37 0.60
   72 M     1  -5  -6  -6   3  -3  -5  -1  -3   1   3  -4   0   1  -6  -3  -1  -5  -2   4   10   0   0   0   7   1   0   5   1   6  27   0   2   6   0   1   3   0   1  28  0.60 0.35
   73 S    -5  -6   8  -4   1  -4  -5  -4   1  -8  -8  -5  -7  -8  -7   5  -3  -9  -7  -8    0   0  55   0   3   0   0   1   3   0   0   0   0   0   0  36   1   0   0   0  2.04 0.91
   74 L    -7  -8  -9  -9  -7  -6  -8  -9  -8  -3   7  -8   2  -5  -8  -8  -6  -7  -7  -4    0   0   0   0   0   0   0   0   0   1  93   0   5   0   0   0   0   0   0   1  2.37 0.95
   75 A     7  -7  -7  -7  -2  -6  -6  -3  -7  -7  -7  -6  -7  -6  -6   0  -3  -8  -7  -5   90   0   0   0   1   0   0   1   0   0   0   0   0   0   0   6   1   0   0   0  2.29 0.99
   76 L     0  -6  -6  -7   2  -6  -6  -6  -6   3   2  -6   0   2  -6  -2  -2  -5  -2   4    9   0   0   0   4   0   0   0   0  18  20   0   2   9   0   3   3   0   1  31  0.81 0.42
   77 A     6  -6  -5  -6  -4  -5  -6  -2  -6  -6  -5  -5  -6  -7  -6   4   0  -8  -7  -3   57   0   0   0   0   0   0   3   0   0   1   0   0   0   0  31   6   0   0   1  1.52 0.77
   78 D    -6  -8   0   9 -10  -6  -4  -3  -7  -9 -10  -7  -9 -10  -7  -6  -7 -10  -9  -9    1   0   4  93   0   0   1   2   0   0   0   0   0   0   0   0   0   0   0   0  3.04 1.15
   79 L    -3  -6  -7  -7  -5  -6  -4  -6  -3   1   5  -7   3   4  -7  -6  -4  -5  -4   0    2   0   0   0   0   0   1   0   1   8  57   0   6  18   0   0   1   0   0   5  1.28 0.59
   80 L    -1  -6  -7  -7   2  -4  -6  -3  -6   0   5  -6   2   2  -6  -2  -2  -3  -4   0    6   0   0   0   4   1   0   2   0   5  57   0   4   9   0   3   2   0   0   6  0.99 0.50
   81 L    -2  -6  -7  -5  -2  -6  -3  -5  -6   0   1  -6   5   5  -7  -5  -4  -5  -2   5    4   0   0   1   1   0   2   1   0   4  12   0  15  21   0   0   0   0   1  37  1.09 0.53
   82 G     3  -4  -1  -4   2  -3  -3   2  -2  -2   0  -3   1  -3  -3   2   1  -4  -4   0   21   0   2   1   4   0   1  18   1   2   9   1   4   1   1  17   8   0   0   8  0.36 0.26
   83 L     0  -6  -6  -6   1  -5  -6  -4  -6   2   4  -5   0   2  -6  -2   0  -5  -4   4    7   0   0   0   3   0   0   1   0  12  35   0   2   8   0   3   5   0   0  24  0.74 0.40
   84 V    -1  -4  -4  -5   1  -4  -4  -1  -4   1   3  -4   0   3  -5   0   2  -4   0   0    6   0   0   0   3   0   0   5   0   6  29   0   2  15   0   8  15   0   4   6  0.44 0.29
   85 V     0  -5   2  -5   6  -2  -5   2  -5  -1   0  -3   0  -5  -2  -1   2  -6  -1   3    6   0   9   0  14   2   0  13   0   3   7   1   2   0   2   4  11   0   2  23  0.49 0.34
   86 M    -2  -6  -6  -6  -1  -4  -6  -4  -5   2   3  -5   6   2   1  -1  -2  -5   1   2    4   0   0   0   1   0   0   1   0  10  23   0  20  10   7   5   2   0   4  12  0.69 0.41
   87 P    -4  -7  -6  -7  -7  -6  -5  -6  -7  -6   0  -6  -6  -1   8  -4   2  -4  -7  -3    1   0   0   0   0   0   0   1   0   0  11   0   0   3  68   1  12   0   0   2  2.08 0.92
   88 F    -3  -6  -7  -7  -5  -6  -1  -7  -4   1   1  -5   0   7   0  -5   0   4   1   1    2   0   0   0   0   0   4   0   0   8  15   0   3  38   5   0   7   6   3   8  0.98 0.50
   89 S     1  -4   1  -1  -2  -1  -1  -2  -2  -2  -1  -3   2  -2  -5   2   3   6  -3   0   12   0   7   3   1   3   3   3   1   2   5   1   5   2   0  17  20  10   0   6  0.42 0.33
   90 M     3  -5  -6  -5  -3  -5  -5  -4  -6   3   2  -5   4   2  -6  -2   0  -1  -4   2   24   0   0   1   0   0   0   1   0  16  16   0  11   8   0   2   7   1   0  13  0.63 0.39
   91 I     1  -4  -5  -3  -3  -4  -4  -6   2   2   0  -4   1   0  -5  -1   2  -3   4   3   10   1   0   2   0   0   1   0   4  10   9   1   3   3   0   3  14   0  15  24  0.52 0.35
   92 R    -1   0   2  -1  -3  -1  -1  -4   1   1   0  -2  -1  -2  -5   1   2   0   4  -1    4   6  12   4   0   3   4   0   3   9   8   1   2   1   0  12  11   1  17   4  0.29 0.26
   93 S     2  -3   0  -2   1   0   0  -3  -2   1   0  -2   1   0  -3   2   0  -4   2  -1   15   0   5   2   3   4   7   0   1   8   8   2   3   3   0  19   6   0   8   4  0.19 0.21
   94 V     0  -3  -4  -5  -3  -4  -5  -2  -3   2   3  -5   3   1  -4  -2  -1   2   0   2    9   1   1   0   0   0   0   3   1  11  29   0   8   6   1   3   3   2   3  16  0.48 0.30
   95 D    -1   0   1   0  -4  -1   0   0   4  -1   0  -1   3  -1  -2   0   0   0   2  -1    6   4   8   4   0   1   6   7  10   3  12   2   8   3   2   5   6   1   8   4  0.13 0.16
   96 G    -2   0   3   1  -3  -1   0   4   1  -4  -5   0  -3   0   0  -1  -2  -2   0  -2    2   6  13   7   0   3   7  31   3   1   0   4   1   4   4   4   2   0   3   3  0.43 0.29
   97 C    -2   1  -2  -1   3   1   0   0   4  -3  -3   0  -1   0  -2  -1   1  -3   5  -3    3   9   1   4   6   7   7   7   9   1   2   5   2   3   1   4  10   0  19   1  0.36 0.28
   98 W    -5  -4  -9  -6  -9  -8  -9  -2  -8  -5  -6  -7  -3   3  -5  -7  -3  12  -2  -7    1   1   0   1   0   0   0   4   0   1   1   0   1  11   1   0   2  74   1   0  3.70 1.33
   99 Y    -1  -1  -1  -2  -4  -2  -2  -5   0   2   0  -2  -1  -1   3  -2  -1  -2   3   3    4   3   3   2   0   1   2   0   3  11   9   3   1   2  16   2   4   0  10  24  0.38 0.27
  100 Y    -4  -6  -8  -9  -5  -8  -6  -6  -1  -4   3  -8   0   8  -9  -8  -5  -1   1  -6    2   0   0   0   0   0   1   1   1   0  26   0   2  62   0   0   1   1   4   0  2.10 0.86
  101 G    -1  -5  -5  -4  -7  -5  -3   7   0  -8  -8  -5  -7  -8  -3  -2  -1  -3  -3  -6    4   1   0   1   0   0   2  78   2   0   0   1   0   0   2   4   4   1   1   0  1.91 0.82
  102 E    -1   2   1   1  -2   0   1  -2   2  -3  -3   0  -3  -4   2   1   0   1  -1  -2    5  11   8   9   1   4  10   2   6   1   2   6   0   0   9  13   6   2   2   3  0.23 0.20
  103 T     1  -2  -3  -4  -3  -2  -3  -1   0   1   0  -3   0   3   0  -1   2   1  -1   2   13   1   1   0   0   1   1   4   3   8  10   1   2  14   4   4  12   2   2  16  0.23 0.20
  104 F    -1  -5  -5  -6  -4  -2  -5   2   0  -1   3  -5   5   3  -5  -3  -1   4   0  -1    5   0   0   0   0   2   0  14   3   3  26   0  16  10   0   1   5   5   3   5  0.60 0.36
  105 C    -6  -7  -9  -6  12  -2 -10  -9 -10  -8  -8  -8  -8  -9 -10  -6  -8   2  -9  -4    0   0   0   1  91   3   0   0   0   0   0   0   0   0   0   1   0   3   0   1  4.32 1.46
  106 L    -2   1   1   1  -6   2   0  -5   1  -4  -1   5  -4  -2  -4  -2  -2  -6  -1  -2    3   6   8   7   0   8   6   0   3   1   7  37   0   2   1   2   2   0   3   3  0.60 0.39
  107 L    -2  -6  -7  -7  -2  -6  -7  -4  -6   4   3  -6   3   4  -6  -4  -3  -3  -4   3    3   0   0   0   1   0   0   1   0  21  30   0   6  16   0   1   2   0   0  19  0.97 0.48
  108 H    -2  -1  -2  -1  -5  -2   1  -5   2   1  -1  -3   0   1  -5   0  -2   6   3   2    2   4   2   4   0   2  10   0   4   8   6   1   3   6   0   9   2  11  10  18  0.41 0.29
  109 T     1  -2   2  -2  -3  -1  -2   2   0  -1  -1  -2  -1  -2   0   1   2  -5  -2  -1   13   2  12   1   0   3   2  17   3   4   6   1   2   1   4  13  12   0   1   3  0.22 0.21
  110 G     1  -6  -5  -6   4  -5  -6   1  -5  -2  -1  -5   1   5  -6   2   0  -1   4  -1   12   0   0   0   7   0   0   9   0   1   6   0   3  26   0  13   6   1  11   4  0.71 0.43
  111 F    -2  -6  -6  -7   1  -6  -6  -6  -6   3   3  -6   3   5  -4  -1  -1  -5  -3   2    4   0   0   0   3   0   0   0   0  14  31   0   6  20   1   4   3   0   0  13  0.82 0.43
  112 D     0  -2  -3   5  -3   2  -3   0  -3   1  -2  -2   1   0  -2  -2  -3  -5   2   1    7   2   1  28   1  11   0   7   0   7   4   2   3   5   2   1   1   0   7   9  0.40 0.32
  113 L     0  -3  -1  -1   0  -1  -1   0   0   1   0  -3   0   0  -3   1   1   0   2   2    5   0   2   4   2   2   4   7   2   8   9   1   2   4   0  11  11   1   7  18  0.13 0.16
  114 F    -2  -6  -4  -7   0  -5  -6  -7  -2   3   4  -6   4   0  -6  -2   1  -4   0   3    3   0   1   0   2   0   0   0   1  13  34   0  11   3   0   2  10   0   3  17  0.77 0.42
  115 L     0  -5   4  -5   6  -5  -5   1  -5   0  -1  -5  -2   4  -5   2   0  -6  -4  -3    6   0  18   0  14   0   0  12   0   5   6   0   1  14   0  16   4   0   0   2  0.68 0.43
  116 T    -3  -5  -5  -6   6  -2  -4   2  -6  -1   1  -4   4   1  -4  -1   1  -5  -2   2    1   0   0   0  18   2   1  16   0   3  13   1   9   6   1   5   7   0   1  15  0.62 0.38
  117 S    -3  -5  -3  -5   1   0  -1  -2   2   1  -1  -5  -1   4  -6   0   3  -4   5  -1    1   0   1   0   3   4   4   4   4   7   5   0   2  17   0   8  19   0  17   4  0.55 0.38
  118 V     4  -6  -5  -5   2  -5  -4   0  -6   0  -3  -5  -2  -6  -5   3   1  -7  -6   2   33   0   0   0   4   0   1   7   0   5   2   0   1   0   0  21  10   0   0  16  0.74 0.48
  119 S    -1  -6  -5  -5  -2  -3  -3   1  -7  -8  -8  -6   0  -8  -7   7  -1  -8  -7  -6    5   0   0   0   1   1   2  10   0   0   0   0   2   0   0  75   3   0   0   0  1.84 0.92
  120 I    -2  -7  -6  -8  -2  -7  -7  -5  -7   6   1  -7   3  -5  -7  -3  -1  -7  -6   4    3   0   0   0   1   0   0   1   0  47  11   0   6   0   0   2   4   0   0  25  1.36 0.62
  121 F    -1  -7  -3  -7   2  -6  -3  -6  -6  -2   2  -7   2   6  -7  -3  -5   7   2  -2    5   0   2   0   4   0   2   0   0   2  20   0   5  34   0   2   0  14   6   2  1.23 0.58
  122 H    -2  -5   2  -5   2  -5  -5  -5   4  -1   0  -5  -5   2  -6   4   4  -6  -4  -3    2   0  11   0   3   0   0   0  10   3  10   0   0  10   0  28  21   0   0   1  0.80 0.52
  123 L    -7  -8  -9  -9  -7  -7  -8  -9  -4   3   6  -8   3  -5  -8  -8  -5  -7  -6  -1    0   0   0   0   0   0   0   0   0  14  76   0   6   0   0   0   0   0   0   3  1.92 0.82
  124 I     2  -6  -5  -6   7  -6  -6  -4  -7  -1   1  -6   1  -4  -6  -2   4  -7  -6   2   14   0   0   0  20   0   0   1   0   4  13   0   3   1   0   3  28   0   0  12  1.01 0.54
  125 F     4  -6  -6  -7   4  -6  -6  -3  -6   1   1  -6   1   1  -6  -2  -2  -6  -5   3   37   0   0   0   9   0   0   2   0   6  11   0   4   6   0   3   2   0   0  21  0.83 0.48
  126 I    -6  -8  -9  -9  -7  -8  -8  -9  -8   8   2  -8   4  -3  -8  -8  -6  -8  -6   1    0   0   0   0   0   0   0   0   0  65  18   0  10   1   0   0   0   0   0   6  2.03 0.82
  127 A     5  -6  -4  -6  -2  -6  -6  -5  -7  -7  -7  -6  -7  -8  -6   6   0  -8  -7  -6   47   0   0   0   1   0   0   0   0   0   0   0   0   0   0  46   6   0   0   0  1.75 0.87
  128 V    -1  -7  -7  -7  -5  -5  -7  -6  -7   5   2  -7   2   2  -7  -6  -4   2  -2   4    4   0   0   0   0   0   0   1   0  29  19   0   4   9   0   0   0   3   1  30  1.09 0.52
  129 D    -7  -7  -1   8  -4  -5   3  -7  -3  -9  -9  -6  -9  -9  -7  -6  -6 -10  -9  -9    0   0   3  76   0   0  19   0   1   0   0   0   0   0   0   0   0   0   0   0  2.55 1.05
  130 R    -8   9  -7  -8  -5  -5  -7  -9  -4 -10  -9  -3  -8  -9  -9  -7  -8  -9  -8  -9    0  99   0   0   0   0   0   0   0   0   0   0   0   0   0   0   0   0   0   0  3.44 1.31
  131 H    -8  -8  -8  -9   3  -8  -8  -9   3  -8  -6  -8  -7   1  -9  -8  -8   5  10  -8    0   0   0   0   5   0   0   0   6   0   1   0   0   5   0   0   0   7  76   0  3.13 1.20
  132 Q    -4  -2  -1  -5   2   0  -6  -7  -2   4   3  -3   2   0  -6  -5  -3   5   1   1    0   2   3   0   4   5   0   0   1  20  30   2   4   3   0   0   1   7   5  11  0.69 0.39
  133 A     5  -2  -5  -6   2  -3  -5  -3  -2  -2  -2  -5  -5  -6  -6   0   1  -7  -1   3   49   3   0   0   4   1   0   2   1   2   3   0   0   0   0   8   7   0   2  18  0.92 0.54
  134 V    -6  -8  -9  -9  -6  -8  -8  -9  -9   7  -2  -8  -2  -6  -8  -7  -3  -8  -7   5    0   0   0   0   0   0   0   0   0  58   3   0   1   0   0   0   1   0   0  36  2.11 0.85
  135 C    -3  -2  -6  -6   7  -3  -6  -5  -5   0   0  -2   0   2  -6  -1   2  -4  -5   4    2   3   0   0  19   1   0   1   0   4   8   3   2   8   0   5  13   0   0  31  0.85 0.46
  136 F    -4   1   0   1  -2   0  -4  -6   8  -3  -2   3  -2  -1  -6  -1  -4   0   4  -4    1   8   5   7   1   3   0   0  30   2   4  18   1   2   0   4   0   1  11   1  0.97 0.51
  137 P     3  -6  -6  -6  -6  -6  -6  -2  -2  -7  -6  -6  -6  -7   8  -1  -1  -7  -7  -5   21   0   0   0   0   0   0   3   1   0   1   0   0   0  63   4   3   0   0   1  1.99 0.87
  138 L    -3  -3  -7  -7  -5  -6  -6  -6  -6   2   4  -5   5   3  -6  -6   0  -5  -3   3    2   1   0   0   0   0   0   0   0   8  39   0  13  11   0   0   5   0   0  19  0.99 0.50
  139 Q    -1   4  -1  -1  -5   2   0   0   0  -3  -2   2  -3  -1  -4   1  -1   3  -2  -2    4  23   3   2   0  10   7   8   2   1   4  12   0   3   0  10   3   5   1   2  0.37 0.28
  140 Y     2  -1  -2  -4  -2  -3  -3  -3  -1  -2  -1  -3   0   0  -3   2  -1   1   7  -2   16   4   2   1   1   1   1   2   1   2   5   1   2   3   1  13   4   2  35   2  0.78 0.39
  141 P    -1   1   3  -1  -3   2   0  -1   4  -2   0   1   0  -3   1   0  -1  -4  -1  -2    5   6  14   2   0  12   4   5  10   3   9   9   2   1   6   6   2   0   2   2  0.23 0.19
  142 T    -1   3   1  -1  -3  -1  -2  -2  -1  -2  -2   1  -1   1   2   1   1  -1  -3  -1    4  18   7   3   0   2   2   3   2   3   3  10   2   8   9  12  10   1   0   4  0.23 0.21
  143 R    -1   4  -2  -5  -5   0  -3  -4   2   1   1   3  -1   0  -2  -2  -3   2  -3   0    5  24   2   0   0   3   0   1   5   8  13  17   2   4   2   2   1   3   0   7  0.42 0.30
  144 I    -4   5  -2  -4  -2  -2  -5  -4  -3   0   0  -1   5   3  -3  -3  -2  -5   0   2    0  31   2   1   1   1   0   2   0   6   8   2  14  12   1   2   2   0   3  12  0.70 0.42
  145 T    -3   0   1  -2  -6  -4  -5  -1  -6  -6  -6  -2  -5  -7  -4   3   7  -8  -7  -5    2   6   6   2   0   0   0   5   0   0   1   3   0   0   1  18  55   0   0   0  1.34 0.72
  146 I     0   1  -1  -3  -1   0   0  -1   0   0   0   0   0  -2   3  -1  -1  -3  -1   1    8   9   4   1   1   4   5   6   3   5   9   7   2   1  16   3   3   0   2  12  0.15 0.14
  147 P    -2   5   1  -3  -2   0  -2  -1  -2  -5  -2   2  -2  -4   0   1   1   1  -3  -3    3  31   7   1   1   3   1   4   1   0   5  13   1   1   5   9  10   2   1   1  0.52 0.36
  148 V    -2   5   0  -5  -1  -2  -4  -4   5  -3   0   2  -1   0  -6  -2  -1   1  -2   0    3  35   5   0   2   1   0   1  12   1   8   9   2   5   0   2   4   2   1   8  0.69 0.42
  149 A     6  -5  -4  -5  -3  -5  -4   0  -4   0  -4  -4  -2  -6  -6   1   1  -7  -4   1   56   0   0   0   1   0   1   7   0   6   1   1   1   0   0   8   7   0   0  10  1.03 0.58
  150 W     0   2  -3  -4   1  -2  -3  -1  -3   1   1   2   0   1  -3  -2   0   3   0   1    8  11   0   0   3   1   0   6   0   9  11  17   2   7   1   2   5   4   3  10  0.20 0.20
  151 V     1   1  -4  -5   0  -3  -4  -1  -3   2   2  -1   3   0  -5  -3  -1   0  -1   2   11   7   0   0   2   1   0   5   0  14  18   5   9   3   0   1   3   2   2  17  0.32 0.24
  152 M     1  -3  -5  -5   2  -4  -5   1  -4   3   0  -2   4  -2  -5  -2   1  -1   0   3   12   1   0   0   4   0   0  11   0  14   9   3  11   1   0   2   9   1   4  18  0.40 0.29
  153 V    -3  -7  -2  -7   5  -7  -7  -7  -7   7   2  -7  -2  -5  -7   0  -3  -7  -3   2    2   0   2   0   9   0   0   0   0  50  15   0   1   0   0   8   1   0   1  11  1.29 0.60
  154 M     3  -5  -5  -6   0  -5  -5   1  -5   1   2  -5   0   0  -4   0   0  -6  -5   3   28   0   0   0   2   0   0  10   0   8  18   0   2   3   1   6   5   0   0  18  0.51 0.35
  155 I     1  -5  -4  -5   2  -5  -5   1  -5   1   2  -5   1   3  -5  -1   0  -3  -1   2   14   0   0   0   5   0   0  13   0   9  17   0   3  12   0   4   5   0   2  17  0.42 0.29
  156 S    -1  -6  -4  -6   3  -6  -6  -5  -6   5  -1  -6  -3  -5  -3   0   2  -7  -5   4    5   0   1   0   6   0   0   0   0  32   5   0   0   0   2   8  12   0   0  28  0.96 0.50
  157 W   -10 -10 -11 -11  -9  -9 -10 -10  -9 -10  -7 -10  -8  -4 -11 -10  -9  13  -5  -7    0   0   0   0   0   0   0   0   0   0   1   0   0   1   0   0   0  98   0   0  5.45 1.79
  158 S     1  -5  -5  -6  -2  -5  -5   0  -6   3   2  -5   0   0  -5  -1   0  -3  -4   4   13   0   0   0   1   0   0   7   0  16  19   0   2   5   0   4   6   0   0  28  0.60 0.36
  159 M    -1  -5  -5  -6   1  -5  -6  -4  -2   2   3  -5   4   2  -4  -3  -3   3   0   2    6   0   1   0   3   0   0   2   1  13  31   0  10   8   1   1   1   4   3  15  0.65 0.36
  160 A     4  -6  -5  -5   1  -5  -5  -2  -6  -4  -6  -5  -6  -7  -1   6   0  -7  -6  -4   35   0   0   0   3   0   0   3   0   1   1   0   0   0   4  47   4   0   0   1  1.31 0.71
  161 A     2  -5  -4  -5   1  -5  -5  -2  -5   3   3  -5   1   3  -5  -1   0  -3  -3   2   16   0   0   0   3   0   0   4   0  14  25   0   3  11   0   4   5   0   0  13  0.49 0.30
  162 F     1  -5  -5  -6   0  -5  -5   0  -5   2   3  -5  -1   2  -5  -1  -1  -5  -4   2   14   0   0   0   2   0   0   6   0  13  33   0   1   8   0   4   4   0   0  15  0.57 0.34
  163 Y     0  -5  -5  -6   3  -5  -5  -4  -5   3   2  -5   0   1  -5  -1  -1   6   0   2    9   0   0   0   7   0   0   2   0  19  21   0   2   6   0   5   3  10   3  13  0.62 0.34
  164 S     3  -5  -4  -5   2  -5  -5   1  -5  -2  -5  -5  -1  -4  -5   5   1  -4  -4  -2   23   0   0   0   4   0   0  11   0   2   1   0   1   1   0  42   9   0   1   3  0.94 0.56
  165 Y     0  -5  -5  -6  -1  -5  -5  -2  -5   2   4  -4   1   3  -4   0   0  -4  -3   1    7   0   0   0   1   0   0   4   0  12  34   1   4  13   1   7   5   0   0  10  0.54 0.33
  166 G    -1  -7  -7  -6  -5  -4  -5  -2  -7  -2   0  -6  -2  -5   8  -3   0  -8  -7  -3    6   0   0   0   0   1   1   4   0   2   9   0   1   0  65   2   6   0   0   2  1.81 0.82
  167 V    -2  -4   0  -2  -3   0  -2  -4  -3   1  -1  -5   1   2   6   0  -2  -1  -3   0    4   0   4   2   0   4   3   1   1   7   6   0   3   8  38   6   3   1   1   7  0.74 0.43
  168 V     0  -6  -6  -6  -1  -4  -6  -6  -6   4   3  -6   3   4  -4  -5  -2  -2  -2   1    8   0   0   0   2   1   0   0   0  20  31   0   8  16   1   0   2   1   1  10  0.83 0.42
  169 Y    -3  -5  -4  -5  -1  -2  -5  -5  -1   3   1  -5   2   6  -5  -4  -3   4   3   1    2   0   1   0   1   2   1   1   1  17  13   1   5  30   0   1   1   5   7   9  0.84 0.39
  170 S    -2  -1  -2  -3  -3  -2  -3   3   1  -2   0  -3   0   4  -3   1   0   0   2  -1    2   3   2   1   1   1   1  24   4   2   8   1   2  19   1  11   6   1   8   4  0.39 0.24
  171 K    -1   3  -1  -2  -4  -1  -1  -1   1  -3  -1  -1   0  -1  -3   0   0   8   0  -2    6  16   2   2   0   3   4   5   4   1   7   4   2   3   1   7   6  20   2   4  0.54 0.28
  172 A    -1   1   2   0  -2   0   0   0   0  -1  -2   0  -1  -2  -1   0   1   4   2  -1    6   7  11   5   1   4   4   7   2   3   3   6   1   1   3   8   9   5  10   5  0.13 0.11
  173 N    -1   0   1  -1   1   0  -1  -2   1   1  -1  -1   0  -1   0   1   1   3   0   0    5   5   8   3   3   4   2   2   5   8   6   3   2   2   4  10  11   4   4   8  0.07 0.08
  174 L    -1   0  -1  -1   0   1   0  -2  -1   0   0   0  -1  -1   3   0   0   0   1   1    4   6   3   2   2   6   6   3   1   6  10   6   1   2  13   6   5   1   6  10  0.10 0.08
  175 E     0   0  -1   1  -1   0   3  -2   1   0  -2   0  -1  -1   1   0   0  -2  -1   0    7   4   3   6   1   2  22   2   4   5   4   6   1   3   6   7   5   1   2   9  0.14 0.13
  176 G    -1  -2   0  -1  -2  -1   1   4   0  -2  -2  -1  -2  -1   0   0  -1  -4   0  -1    5   2   5   4   1   2   8  36   2   2   3   3   1   3   5   7   4   0   3   4  0.36 0.22
  177 L    -1   0   0  -1  -2   0  -1  -1   1   0   1   0   2   0   0   0  -1   5   0   0    3   5   4   4   1   3   5   5   4   4  15   5   7   5   5   6   3   9   3   5  0.12 0.10
  178 E    -2   0   2   2  -2   2   1   0   0  -2  -1   0  -2  -2   0   1  -1  -2  -1  -2    2   4  11  13   1  11  10   8   2   2   7   4   0   2   4   9   4   1   2   2  0.18 0.15
  179 E    -1   2   0   2   4   1   2   0   1  -3  -3  -1  -3  -3  -1   0   1  -1  -2  -2    3  12   3  10   9   6  15   8   3   1   3   3   0   1   3   6   8   1   1   3  0.23 0.19
  180 Y     0  -1   0   0   0  -1  -1  -1   0   0  -1  -2  -2   1  -3   2   1   1   4  -1    7   3   5   6   2   2   2   4   2   6   5   2   1   5   1  16  10   2  15   5  0.17 0.16
  181 I    -1  -1  -1   0   6  -1  -2  -1   0   1   0   0  -2   0   0   0   0  -1  -1   1    5   3   2   5  16   3   3   4   2  10   7   5   1   4   5   7   6   1   1  11  0.19 0.14
  182 A     0  -1   1   0   4  -1   0   2   0  -1  -2  -2  -1  -2   2   1  -1  -1  -2  -1    8   2   8   6  11   3   5  13   2   3   3   2   2   1  10  10   4   1   1   5  0.19 0.15
  183 S    -1   0  -1  -1   5   0   1  -2  -1   0  -1   0   0  -1   1   0  -1   0  -1   0    5   5   2   4  13   5  10   3   1   4   7   6   2   3   8   7   3   1   2   8  0.14 0.12
  184 V    -1  -2   1   2   1  -1  -1   0  -1   0  -1  -1   0  -1   1   0   1  -1   1   1    5   2   7  14   4   2   3   7   1   5   6   2   3   2   7   4   9   1   6  10  0.08 0.10
  185 Y     0  -1   1  -2   0   0   0  -2   3  -1  -2  -2  -1   2  -1   0   0   3   4   0    7   3   6   2   2   4   7   3   7   3   4   1   1   8   4   6   5   3  14   9  0.17 0.16
  186 C    -2  -3   0  -1   7  -1  -1  -2  -3  -1  -1  -2   1   2   0  -1  -1   2   3  -1    2   1   6   4  23   2   4   3   0   3   5   2   3   9   4   5   4   3  11   3  0.50 0.27
  187 M    -1   0  -2  -2  -2   0  -1  -1   0  -1   0  -2   0   1   2   2   2   2  -1   0    4   4   1   2   1   4   4   4   2   3   9   1   2   6  11  15  16   3   2   6  0.17 0.17
  188 G    -1   0   0   0   4  -1   1   2   0  -2  -2  -1  -2  -2   2   0   0   1   0  -1    4   5   4   5   9   2   9  14   2   2   5   2   1   2  11   7   7   2   3   6  0.15 0.13
  189 G     0  -1   1   1   2   1   0   0   0  -1  -2   0   0  -2  -1   1   1   0  -1   0    8   3   6   9   6   6   6   8   3   2   2   7   2   1   3  10   7   1   3   7  0.08 0.09
  190 C    -2  -3  -1  -1   7  -1   0  -2  -4  -2  -2  -1  -2   2   2   1  -1   5  -1  -2    3   1   3   3  22   3   6   4   0   2   4   3   1  10  10  10   3   7   2   3  0.55 0.31
  191 T    -1  -1  -1   1  -1   1   1  -1  -1  -1  -2  -1  -2  -3   2   1   2  -3   1   0    4   3   3   8   1   7   8   5   1   4   4   4   1   1  11   9  15   0   5   6  0.15 0.15
  192 L     0  -1   0   0  -3   1   0  -2  -1   1   1  -1   0   2   0   0   0   1  -1   0    6   3   4   5   0   7   5   3   1  10  13   2   2   9   5   8   6   2   2   8  0.05 0.07
  193 Y    -1   0   1  -1  -3  -1  -2  -2   2  -1  -2   0  -1   1   0   0   1   2   4   0    6   5   8   4   0   3   1   3   4   3   3   6   1   7   4   7   8   3  15   7  0.16 0.16
  194 F    -1  -1   0  -1   0   0  -1  -2   1  -2   0  -3   1   1  -2   1   0   7   3   1    4   3   4   3   2   4   3   2   4   2   7   1   4   5   2  10   6  15   9  10  0.36 0.24
  195 N    -2   2   4   2  -3   0   2  -2   2  -4  -3   1  -3  -3  -1   0  -1  -5   1  -3    2  10  21  10   0   4  12   2   5   0   3   8   1   1   3   8   2   0   4   2  0.38 0.27
  196 A     0   2   0  -2  -4   2   1  -3   3  -1  -1   1   1  -1   0   1   0  -3  -2  -1    6  13   5   1   0   8   9   1   7   3   7   9   4   3   5   9   6   0   1   4  0.16 0.16
  197 L     1  -2  -1  -2  -4  -2  -2  -1  -3   0   0  -2  -1   2  -1   2   1   2   1   1   12   1   2   2   0   1   2   6   0   6   8   1   1  11   2  18   8   3   6  10  0.18 0.19
  198 W    -3  -4  -3  -7  -6  -2  -5  -5   1  -1  -2  -5   1   4  -3  -3  -2   6   8  -2    3   1   2   0   0   2   0   1   3   4   4   1   4  13   2   2   3  10  42   3  1.34 0.62
  199 S     1  -1  -1  -3  -3  -2  -3  -1   1   1  -1  -2   2  -1  -3   0   3  -3  -2   3   11   4   3   1   0   2   0   4   3   8   4   2   6   3   1   8  19   0   1  21  0.29 0.25
  200 V    -3  -6  -6  -7  -4  -3  -5  -4  -6   5   3  -4   2  -1  -6  -4   0   2  -1   3    1   0   0   0   0   1   0   1   0  28  26   1   4   2   0   1   6   2   2  21  0.83 0.43
  201 L     0  -3  -5  -5   2  -4  -3  -4  -4   1   2  -2   1   3  -5   0   0   1   4   1    6   1   0   0   5   0   1   1   0   8  19   2   3  12   0   7   5   1  16  11  0.43 0.28
  202 D    -1  -1  -2  -2   3  -2  -3  -3  -1   1   1  -2   4   0  -2   2   1  -2   1   1    3   4   1   2   7   1   0   1   2   7  13   3  12   5   2  18   7   1   4   8  0.24 0.22
  203 T    -2  -5   2  -5   0  -2  -4  -4  -2  -1   1  -5   0   6  -6   2   1  -4  -1   0    3   0  10   0   2   2   1   1   1   3  13   0   2  28   0  17   8   0   2   7  0.62 0.39
  204 L    -2  -6  -6  -6   2  -5  -6  -3  -6   4   2  -6   1   3  -5  -2   0  -5  -1   3    3   0   0   0   4   0   0   3   0  24  21   0   4  10   0   3   5   0   2  21  0.70 0.38
  205 L    -1  -6  -5  -6   2  -5  -6   0  -4   2   2  -5   0   4  -4  -2   0   0  -3   3    5   0   0   0   4   0   0   8   0   9  22   0   2  17   1   2   7   1   0  21  0.56 0.34
  206 T     0  -4  -2  -4   3   0  -3   3   3  -2  -1  -4   0   1  -3   2   1  -3  -2   0    7   0   2   0   7   4   1  23   8   2   5   0   2   7   1  14   8   0   1   7  0.34 0.27
  207 F    -6  -8  -8  -8   1  -8  -8  -8  -6  -5  -1  -8  -5   9  -8  -7  -7   0   5  -4    0   0   0   0   2   0   0   0   0   0   7   0   0  68   0   0   0   1  19   1  2.52 0.96
  208 F    -1  -5  -6  -7   0  -6  -6  -5  -5   3   3  -6  -1   5  -4  -2  -3  -2   4   2    5   1   0   0   2   0   0   1   0  13  24   0   1  21   1   3   1   1  12  15  0.78 0.41
  209 L     0  -6  -5  -7  -3  -6  -6  -2  -6   5   4  -6  -1   1  -4  -5  -1  -6  -4   2    8   0   1   0   0   0   0   4   0  26  35   0   1   5   1   0   4   0   0  15  0.84 0.43
  210 P    -5  -8  -8  -8  -8  -7  -7  -8  -8  -5  -5  -7   3  -5   9  -5  -4  -3  -8  -8    1   0   0   0   0   0   0   0   0   1   1   0   6   1  87   1   1   0   0   0  3.05 1.22
  211 C    -3  -6  -6  -7   2  -5  -7  -3  -6   0   5  -6   3   2  -7  -3  -2  -6  -3   1    2   0   0   0   4   0   0   3   0   4  57   0   7   8   0   2   2   0   0   9  1.08 0.53
  212 S     1  -4  -5  -5   0  -5  -5  -1  -5   2   3  -5   0   0  -4   1   1  -5  -4   2   10   1   0   0   2   0   0   6   0   9  33   0   1   4   1  11   7   0   0  14  0.47 0.32
  213 V    -3  -6  -5  -7  -2  -6  -7  -7  -7   5   2  -6  -2   1  -5  -3   0  -6  -5   4    2   0   0   0   1   0   0   0   0  34  17   0   1   5   1   2   5   0   0  31  1.10 0.52
  214 M    -5  -7  -7  -8  -7  -7  -8  -8  -8   6  -1  -7   9  -4  -5  -5  -3  -7  -6   0    1   0   0   0   0   0   0   0   0  41   5   0  43   1   1   1   2   0   0   6  2.18 0.90
  215 V     0  -5  -4  -5   3  -5  -5  -2  -5   3   2  -5   0   2  -5   1   1  -5  -4   2    9   0   0   0   7   0   0   3   0  15  21   0   2   8   0  10   8   0   0  16  0.49 0.32
  216 G    -1  -5  -6  -6   0  -6  -6  -2  -2   3   1  -6  -2   5  -6  -2   0  -3   2   3    5   0   0   0   2   0   0   3   1  14  12   0   0  24   0   4   6   0   7  22  0.71 0.39
  217 L    -2  -7  -5  -7   9  -7  -7  -6  -7   0   2  -7   0  -2  -7   0   1  -7  -2   1    4   0   1   0  41   0   0   0   0   5  19   0   2   2   0   7   7   0   2   9  1.47 0.65
  218 Y    -8  -8  -5 -10  -9  -8  -9 -10  -3  -6  -8  -9  -4  -2 -10  -6  -5  -4  10  -8    0   0   1   0   0   0   0   0   1   0   0   0   0   1   0   0   1   0  96   0  3.87 1.43
  219 A     0  -5  -4  -5   3  -3  -5   2  -4   1   1  -4   0   2  -5   1   1   1   1   1    9   0   0   0   5   1   0  18   0   6  15   0   2   7   0  10   9   2   4  11  0.32 0.26
  220 R    -3   5  -2  -3   0   1  -2  -1   4  -2   1   2  -1   2  -4  -3  -3  -5  -3  -2    2  30   2   1   2   5   2   5  11   2  12  10   1   8   1   2   1   0   0   3  0.53 0.35
  221 I    -5  -7  -8  -8  -6  -7  -8  -8  -8   7   1  -7   5  -5  -7  -7  -2  -7  -6   1    1   0   0   0   0   0   0   0   0  64  10   0  12   0   0   0   3   0   0   9  1.89 0.77
  222 F    -1  -5  -5  -6  -5  -5  -5   0  -3   2   2  -5  -1   5  -5  -3  -3   5   4   1    5   0   0   0   0   0   0   7   0  10  20   0   1  23   0   2   1   6  14   9  0.78 0.39
  223 V     0   3  -1  -4   3   1  -3  -3   0   1   1   1   0   0  -4  -2  -2  -2   0   0    6  17   3   0   7   6   1   2   3   7  16  11   3   3   0   2   2   0   4   8  0.21 0.18
  224 V     2   1  -3  -3  -2  -1  -1  -3  -1   2  -1   1  -2  -2  -3  -1   3  -3   0   2   16   8   1   0   0   2   4   1   1  10   6  10   1   1   0   3  17   0   3  14  0.24 0.21
  225 A     4  -5  -5  -5  -1  -5  -5  -4  -5   2   3  -5  -1  -3  -4  -2  -2  -5  -4   3   29   0   0   0   1   0   0   1   0  11  30   0   1   1   0   2   2   0   0  19  0.77 0.42
  226 K    -2   5  -2  -4   2   1  -3  -3   0  -3  -2   4  -4  -2  -5  -2  -2   5  -2  -3    4  30   1   1   5   6   1   2   2   1   5  25   0   2   0   3   2   7   1   2  0.79 0.42
  227 K     1   4   1  -2  -3   3   1  -2  -1  -2  -2   2  -1  -3  -4   0   0  -4  -3  -2   11  21   6   2   1  11   8   2   2   2   3  13   1   1   0   7   5   0   1   2  0.36 0.25
  228 H     0   3  -1  -3  -2   3  -1  -3   6  -3  -1   0  -1  -3  -3   0  -1  -2  -1   0    8  17   2   1   1  13   3   2  18   1   6   5   2   1   1   5   4   1   2   7  0.45 0.26
  229 I     2   1   0  -2  -2  -1   0   0   0   0   0  -1  -1  -1  -2   0   1   1   0   0   22   8   4   1   1   1   6   6   2   7   9   3   1   3   2   4   9   2   3   7  0.08 0.09
  230 K    -1   4  -1  -1  -2   2  -1  -2   0  -1  -1   2   1  -1  -2  -1  -1   0  -2  -1    5  21   3   3   1  11   3   3   2   4   6  14   4   3   2   5   3   1   1   5  0.24 0.16
  231 S     0   3   1  -1  -2   2   0   0  -1  -2  -1   2   0  -3   1   0  -1  -2  -2  -1    9  17   6   3   1   9   5   7   1   2   7  11   2   1   6   7   3   1   1   3  0.16 0.12
  232 I     0  -1  -1  -2   0   1  -2  -1  -1   3   1  -2   3  -1  -1  -1   0  -2  -2   1    7   4   3   2   2   6   2   5   2  20  10   2  10   2   3   4   4   1   1  10  0.17 0.13
  233 T     1   1   0   0  -1   1   0   0   1  -1  -1   1  -1  -1   0   1   0  -2  -1  -1   14   8   5   4   1   5   7   7   4   2   4   8   1   2   5  10   6   0   2   5  0.07 0.06
  234 E     1   1   1   0   0   0   1   0   0  -2  -2   1  -1  -2   1   1   1  -3  -2  -1   12   9   7   6   2   4   8   5   2   2   3   8   1   2   6  11   7   0   1   4  0.11 0.09
  235 A     1   0  -1  -1   0   1   0   1   1  -1   1   0   1  -2  -1   1  -1  -2  -1  -1   11   5   3   3   2   5   5  10   3   3  13   6   5   1   2  12   3   0   2   4  0.05 0.06
  236 N    -1   0   0   0   2   0   0  -1   1   0  -1   0   1   0   0   0   0   3  -2  -1    5   5   5   5   5   5   5   5   5   5   5   5   5   5   5   5   5   5   0   5  0.02 0.10
  237 Q    -1   1   0   0   1   2   0   0   1  -1  -2   2   0  -1   1   0   0  -4   0  -1    4   7   4   4   3  12   5   7   4   3   3  12   3   3   7   8   5   0   3   3  0.12 0.16
  238 N    -1   0   0   0   2   0   0  -1   2   0  -1   0  -2   0   0   0   0   3   1  -1    5   5   5   5   5   5   5   5   5   5   5   5   0   5   5   5   5   5   5   5  0.06 0.08
  239 E    -1   1  -1  -1   1   2   1  -1   2  -2  -2   1   2  -1   0   0   0   2   0  -1    6   9   3   4   3   9   9   4   5   3   5   8   5   3   4   6   5   2   3   4  0.11 0.12
  240 N    -1   1   2   0  -4   1   0   1   3  -2  -1   0   0  -2   0   1   0   1  -3  -2    4   8   8   4   0   8   5  11   7   2   5   6   2   2   4  10   5   2   0   3  0.14 0.16
  241 E     0   0   0   0   2   1   0   0   2   0  -1   0   1  -3   1   0   0   3  -2   0    6   6   5   6   5   5   6   6   5   6   6   6   5   0   6   6   6   5   0   6  0.07 0.11
  242 N    -1   2  -1   0   1   1  -1   0   1  -1  -2   1   1  -1   0   2   0   0  -2  -1    5   9   3   6   3   6   5   6   3   3   4   9   3   3   5  13   6   1   2   5  0.09 0.10
  243 V     0   2  -1  -1   0   2   0  -2   1  -2  -1   0   0  -1  -1   1   1   0   0  -1    7  11   3   3   2   8   7   4   3   3   7   6   2   3   3  10   9   1   4   4  0.11 0.11
  244 F     0   0   0  -1   0   2  -1  -2   0  -2  -1   1   0   1   0   2   0   0   0  -1    9   4   4   3   2   9   3   3   2   3   7  10   3   5   4  13   7   2   4   5  0.10 0.12
  245 K     0   2   0  -1   1   1   0  -1   1   0  -1   1   0   0  -1   0  -1   0  -2   0    7  13   4   4   3   7   6   5   4   5   6   8   3   4   3   8   4   2   1   6  0.09 0.08
  246 N    -1   3   2  -2   0   1  -1  -3   1   0  -1   2   0  -2  -1   1   0   0  -2   0    6  15   8   2   2   6   4   3   3   5   6  10   2   2   3  10   5   1   1   6  0.18 0.15
  247 P     0   1   0   0   0   2   0  -1   2  -1  -1   1   0   0   1   1   0  -3   0  -1    6   8   3   4   2   9   4   4   6   4   6   8   3   4   6   9   5   0   4   4  0.07 0.10
  248 R     0   1   0  -1   1   1   0   0   1   0   0   0   1   0   0   0   0   1   0  -1    8   7   4   3   4   8   6   6   4   5   9   3   4   4   3   6   6   2   3   4  0.03 0.06
  249 R     0   2  -1  -1   0   1   0   0   1  -1  -1   2   0  -1   0   0  -1  -4  -1  -2    7  13   3   3   3   7   5   7   4   3   7  14   3   2   5   7   3   0   2   3  0.12 0.15
  250 S     2   3   0  -1  -1   0  -1  -1  -1  -3  -3   2  -2  -1  -1   1   0  -2  -2  -2   23  19   5   2   1   3   2   4   1   1   1  14   0   3   3   8   6   1   1   1  0.24 0.17
  251 E    -2   3  -1   0  -3   1   4  -1  -1  -3  -3   2  -1  -3  -2  -1  -1  -4  -3  -2    1  15   2   4   1   3  37   3   1   1   2  16   2   1   1   4   3   0   0   2  0.51 0.27
  252 R    -1   4  -2  -2   1   1  -1  -3   2  -1  -1   3   1  -2  -3   0   0   1  -1  -1    3  26   1   1   4   4   1   1   6   2   6  20   5   2   0   6   4   2   1   3  0.31 0.20
  253 K    -1   4  -2  -2  -5   1   1  -4   1  -4  -4   5  -3  -5  -3  -2  -2  -4  -3  -4    6  26   0   1   0   4  10   0   3   0   1  44   0   0   0   2   1   0   0   0  0.88 0.39
  254 A     2  -1  -1  -3  -2  -2  -3   0  -2   1   1  -2   0  -1   0  -1   1  -3  -1   3   25   5   2   0   0   0   0   6   1   6  11   1   2   3   3   1   8   0   2  23  0.18 0.16
  255 A     3  -3  -1  -3  -1  -2  -2  -3  -2   0   1  -3   0   1  -2   0   3  -3  -2   2   27   0   3   0   1   0   1   0   1   5  12   0   2   6   1   6  20   0   0  14  0.27 0.21
  256 K    -1   4  -3  -3  -2   0  -2  -3  -2  -1  -1   5   0  -1  -3  -2  -2  -1  -3   1    3  25   0   0   1   4   0   1   1   3   6  37   2   2   1   1   2   1   0  10  0.55 0.32
  257 T    -2  -2  -3  -4  -3  -2  -3  -3   2   1   1  -3   6  -2  -3  -1   3  -4  -2   2    1   1   0   0   0   0   0   1   5   8  10   0  26   0   0   3  28   0   0  15  0.50 0.29
  258 L     0  -3  -4  -4  -1  -3  -3  -2  -4   2   3  -3   3  -1  -3  -2  -1  -3  -2   3    8   0   0   0   1   0   1   3   0  12  32   0  10   2   0   2   2   0   0  26  0.38 0.20
  259 G     0  -2  -3  -3  -1  -1  -3   1  -3   2   2  -2   1   2  -3  -1   0  -2  -1   2    7   1   0   0   1   3   0  11   0  11  24   0   5  12   0   3   5   0   0  17  0.18 0.13
  260 I     1  -2  -3  -4   0  -3  -3  -2  -4   3   1  -3   1  -1  -3  -1   0  -3  -2   3   18   2   0   0   2   0   0   1   0  25   9   0   4   1   0   2   5   0   0  29  0.36 0.20
  261 V    -1  -4  -3  -4  -3  -3  -4  -4  -4   4   1  -3   5  -1  -4  -2   0  -4  -2   4    2   0   1   0   0   0   0   0   0  22   9   0  19   2   0   3   4   0   0  36  0.60 0.28
  262 V    -1  -4  -3  -4  -1  -3  -4  -4  -4   3   2  -3   3   0  -4  -3   0  -4  -2   4    3   0   1   0   1   0   0   1   0  12  18   0   9   4   0   1   3   0   0  46  0.56 0.26
  263 G     2  -3  -2  -3  -1  -2  -3   3  -3   1   1  -2   0   0  -3   0   0  -3  -2   1   19   0   0   0   1   0   0  25   0  12  14   0   1   5   0   7   4   0   0  12  0.23 0.15
  264 A     2  -3  -3  -4   0  -2  -3  -1  -3   1   2  -3   0  -1  -3   0   0  -3  -2   3   26   0   0   0   2   2   0   4   0   4  22   0   1   2   0   4   6   0   0  26  0.28 0.19
  265 F    -5  -5  -5  -6  -1  -5  -6  -4  -3  -3  -2  -5  -3   8  -1  -4  -4   4   3  -3    0   0   0   0   2   0   0   1   0   0   0   0   0  81   3   1   0   5   7   0  1.89 0.57
  266 I     1  -3  -4  -4   2  -3  -3  -2  -3   2   2  -3   1   4  -3  -1  -1  -2   0   2   15   0   0   0   4   0   0   2   0  10  23   0   2  22   0   4   2   0   2  13  0.31 0.18
  267 L    -1  -3  -4  -4  -1  -3  -4  -3  -3   3   3  -3   1   1  -4  -1   0  -3  -2   3    3   0   0   0   1   0   0   1   1  17  36   0   3   7   0   3   6   0   0  20  0.41 0.20
  268 C     0  -5  -4  -5  10  -4  -5  -3  -5  -3   0  -4  -1   0  -5   1  -1  -4  -4  -2    9   0   0   0  60   0   0   1   0   0   9   0   1   4   0  13   2   0   0   1  1.57 0.50
  269 W    -4  -5  -6  -7  -2  -3  -6  -6  -5  -6  -4  -2  -5  -1  -7  -1  -5  13   0  -6    1   0   0   0   1   1   0   0   0   0   1   3   0   1   0   5   0  85   2   0  3.54 0.83
  270 L     0  -3  -3  -4   1  -3  -3  -1  -3   0   3  -3   1   1  -3   0   2   3  -2   0   11   0   0   0   3   0   0   6   0   2  38   0   3   6   0   5  16   5   0   6  0.29 0.20
  271 P    -4  -5  -5  -4  -6  -4  -4  -5  -5  -5  -2  -4  -5  -6   9  -4  -4  -7  -6  -5    0   0   0   0   0   0   0   0   0   0   5   0   0   0  95   0   0   0   0   0  2.78 0.71
  272 F    -3  -4   0  -5  -2  -4  -4  -4   1  -2   0  -4  -2   5   0  -4  -4  -1   7  -2    1   0   5   0   1   0   0   1   3   2   7   0   0  28   5   0   0   0  46   1  1.11 0.41
  273 F     1  -2   2  -3  -3   0  -2  -3   5  -1   1  -2  -1   3  -3  -1  -1   0   2  -2   13   1  11   0   0   5   1   0  20   3  13   0   1  19   0   4   3   1   5   1  0.33 0.22
  274 I     0  -3  -3  -4   1  -3  -3  -2  -4   3   2  -3   0   1  -4  -1   0   3  -1   3    5   0   0   0   3   0   0   2   0  22  19   0   1   5   0   5   6   5   1  25  0.33 0.18
  275 N     0  -2  -3  -2  -1  -2  -3  -3   0   2   1  -2   1   3  -3   0   0  -1   1   3    7   1   0   3   1   0   0   1   2  13  11   1   2  14   0   7   4   0   4  28  0.21 0.15
  276 S     1   0   2  -2   0   0  -1  -1   0   0   1  -1   0   1  -2   0   1  -2   1   0   16   5  14   1   2   3   2   2   2   5  14   2   1   6   0   7   8   0   5   6  0.07 0.10
  277 L    -2  -4  -4  -5   2  -4  -5  -5  -4   2   4  -4   1   3  -3  -2  -1   2   0   1    3   0   1   0   4   0   0   0   0  13  45   0   3  11   1   2   4   3   2   8  0.56 0.28
  278 V    -1  -3  -4  -5   1  -3  -4  -3  -4   2   3  -3   2   1  -4  -2  -1   3   1   3    4   0   0   0   4   1   0   1   0  12  29   1   6   4   0   2   4   5   5  23  0.41 0.23
  279 D     1   0   1   2  -2   0   0   0   1   0  -2  -1   0   0  -1   1   0  -1  -1   0   12   5   6  12   0   3   7   8   4   6   2   1   2   4   2  12   4   1   1   7  0.07 0.07
  280 P     1  -2  -1  -1  -1   1   0  -1  -1   0   0  -1  -1   0   2   1   1   1  -1   0   17   1   2   3   1   6   6   3   1   4   8   1   1   5   9   9  13   2   1   8  0.10 0.11
  281 Y    -2  -4  -2  -5  -1  -3  -4  -1   3   1   2  -4  -1   5  -4  -1   0   0   3   0    2   0   2   0   1   1   1   4   7   7  17   0   1  29   0   6   5   1  10   5  0.56 0.30
  282 I    -1  -1  -1  -3   5   2  -1   0   1   0   0  -2   2   0   1   0  -1   1   0  -1    4   3   3   1  16  10   2   6   4   7   7   2   6   3   6   6   3   2   3   5  0.20 0.17
  283 N     0   1   1   2  -3   1   1   1   1  -2  -2   1  -2  -3   1   0  -1  -2  -1  -2    5   7   5  15   0   7  10  11   4   2   3   7   1   0   7   7   4   1   2   1  0.19 0.14
  284 F    -1  -1  -1  -1   4  -1   0   0   2  -1   0  -1   0   3  -1   0   0   1   1  -1    2   2   2   2  10   2   6   6   7   2  11   4   2  13   4   8   6   2   5   2  0.13 0.14
  285 S     0  -1   0   0   2   0   0   0   1  -1  -1   1  -2  -3   1   2  -1   0  -1  -1    8   2   4   6   6   4   5   8   4   4   7  11   0   0   5  17   2   1   1   4  0.09 0.11
  286 T    -1  -1   0  -2   3  -1  -1  -3   0   2   0  -1  -1   1   1   0   2  -4  -2   1    3   2   4   2   8   3   3   1   2  16   8   3   0   7   8   5  13   0   1  11  0.16 0.15
  287 P    -2  -3  -1   0  -2  -2  -2  -3   1   2   0  -3  -1   1   4   1   0  -2   0   0    1   1   3   5   1   1   1   1   4  12   8   0   1   8  24  11   5   1   4   8  0.36 0.24
  288 Y    -1  -2   0   1  -2   1   1  -1   1  -2  -1   0  -1   1   3   0   0  -2   1  -1    4   1   5   8   1   7   8   5   4   1   7   5   2   7  14   7   4   0   7   4  0.13 0.11
  289 A     1   0  -1  -2  -2   1  -1  -1  -1   0   1   0   1  -1   0   0   0   3   2   0   15   4   2   1   1   6   4   3   1   4  14   5   4   1   5   6   7   5   9   6  0.10 0.12
  290 L     2  -4  -1  -4   0  -3  -4  -2  -1   1   2  -3   1   0  -4  -1   1   1  -1   2   17   0   3   0   2   1   0   2   1   6  25   1   4   3   0   3   7   2   2  19  0.30 0.22
  291 F    -1  -3  -2  -4  -3  -3  -2  -4   0   0   1  -2   3   6  -5  -2   0   0   3  -1    5   1   2   0   0   1   3   1   2   5  10   2   8  33   0   3   5   1  11   5  0.60 0.32
  292 D    -1  -1   1   1  -2   1   0  -2   0   0   0   0   0  -2   2   1   1  -3   1  -1    5   2   8   7   0   6   5   1   2   7   9   5   2   1  10   9  12   0   5   4  0.12 0.11
  293 A     1  -5  -5  -6  -1  -5  -5  -5  -4   3   2  -5   0   2  -3  -3  -1   2  -1   3   14   0   0   0   1   0   0   0   0  19  19   0   2  10   1   1   4   3   1  23  0.56 0.30
  294 F     1  -4  -3  -4   2  -4  -4  -1  -4   0   0  -4  -2   4   3   1   2   0   0   0   11   0   1   0   5   0   0   4   0   4   7   0   0  17  13   9  14   1   3   8  0.35 0.25
  295 G     1  -2   0  -2  -1  -1   1  -1   3   0   0  -2  -1   1  -2   0   1  -3   1   0   12   1   4   0   1   2   9   5   8   7  10   0   1   5   1   8  12   0   5   7  0.10 0.13
  296 W    -1  -4  -5  -6   4  -5  -5  -3  -5   0   0  -5   1   3  -3  -2  -1   9   1   1    5   1   0   0   8   0   0   2   0   5  10   0   3  11   2   3   5  31   3  11  1.10 0.44
  297 L    -4  -6  -7  -7  -1  -6  -7  -7  -6   3   5  -6   1   5  -7  -5  -3  -4  -3  -1    1   0   0   0   1   0   0   0   0  15  53   0   3  23   0   0   1   0   0   3  1.27 0.52
  298 G     5  -4  -4  -5  -1  -4  -5   3  -5  -1  -5  -4  -5  -2  -4   2  -2  -6  -4  -3   49   0   0   0   1   0   0  23   0   5   0   0   0   2   0  15   1   0   1   2  0.99 0.50
  299 Y    -5  -4  -4  -6  -6  -4  -3  -7   1  -1  -4   4   4   4  -5  -4  -5   1   7  -3    0   0   0   0   0   0   1   0   3   4   1  22  11  16   0   1   0   1  38   1  1.37 0.60
  300 T     2  -4  -4  -4   4  -4  -4  -3  -4  -1   0  -4   0   3  -4   3   1  -4   0   0   20   0   0   0   8   0   0   1   0   2   9   0   2  14   0  27   9   0   2   6  0.52 0.35
  301 N    -1  -5   7  -4   0  -4  -4  -3   5  -7  -7  -3  -6  -7  -4   3  -4  -8  -5  -7    5   0  54   0   2   0   0   1  12   0   0   1   0   0   1  24   0   0   0   0  1.68 0.71
  302 S     2  -5  -3  -5   5  -5  -5  -5  -5  -6  -6  -5  -5  -4  -5   6   2  -7  -6  -5   16   0   1   0  10   0   0   0   0   0   0   0   0   1   0  62   9   0   0   0  1.51 0.69
  303 T     2  -6  -5  -6   8  -5  -6  -3  -6   3  -1  -5   2   0  -6   0  -1  -6  -5   2   15   0   0   0  33   0   0   2   0  14   5   0   6   4   0   8   3   0   0  11  1.05 0.46
  304 L     0  -5  -5  -6   2  -5  -5  -6   0   2   3  -5   2   1  -5  -3  -3  -3   5   2    7   0   0   0   5   0   0   0   2  12  25   0   6   5   0   2   0   0  21  15  0.68 0.35
  305 N    -7  -5   9   0  -8  -5  -5  -6  -1  -8  -9  -3  -7  -8  -7  -3  -5  -9  -7  -8    0   0  92   5   0   0   0   0   1   0   0   1   0   0   0   1   0   0   0   0  2.93 1.01
  306 P    -3  -7  -7  -7  -1  -7  -6  -7  -8  -8  -8  -6  -8  -9   9  -6  -3  -9  -8  -8    2   0   0   0   1   0   0   0   0   0   0   0   0   0  94   0   2   0   0   0  3.27 1.08
  307 I    -4  -6  -7  -7  -1  -6  -6  -7  -6   6   3  -6   2   3  -6  -5  -3  -5  -4   3    1   0   0   0   1   0   0   0   0  40  22   0   4  12   0   0   1   0   0  18  1.14 0.47
  308 I    -2  -7  -7  -7   0  -6  -7  -7  -7   7   2  -6  -2   0  -7  -6  -4  -6  -5   2    3   0   0   0   2   0   0   0   0  59  20   0   0   3   0   0   0   0   0  13  1.49 0.57
  309 Y    -7  -7  -7  -8  -8  -7  -7  -8  -1  -6  -3  -7  -6   0  -8  -7  -7  -3  10  -6    0   0   0   0   0   0   0   0   1   0   3   0   0   2   0   0   0   0  94   0  3.43 1.09
  310 G     4  -4  -1  -4   2  -4  -4   2  -4   1  -3  -4  -3  -3  -2   0   1  -4   1   2   32   0   3   0   5   0   0  17   0   8   0   0   0   1   1   6   7   0   5  13  0.44 0.29
  311 L    -3  -6  -6  -7   5  -6  -6  -6  -5   2   2  -5   0   6  -6  -4  -1   3   2  -1    1   0   0   0  11   0   0   0   0  13  17   0   2  38   0   0   3   4   6   4  1.08 0.44
  312 F    -2   2  -4  -5  -3  -4  -4  -5  -3   0   2  -3   5   4  -5   0  -1   1  -1   1    2  11   0   0   0   0   0   0   0   3  22   1  17  17   0   9   2   2   1  11  0.54 0.32
  313 Y    -4  -3   6   1  -3  -4  -4   2   3  -2  -6  -2  -3  -5  -5   3  -3  -6   1  -5    0   1  41   6   1   0   0  15   7   3   0   2   0   0   0  19   0   0   4   0  1.00 0.49
  314 P    -1   2   0  -1  -5   3   2  -2   0  -4  -3   4  -3  -5   3  -1  -2  -5  -3  -3    5  11   3   3   0  11  12   2   2   1   2  25   0   0  15   5   1   0   0   2  0.51 0.30
  315 W    -3   2   3   3  -5   3   1  -4  -1  -4  -5   3  -4  -5  -4  -1  -1   3  -2  -3    1  10  16  14   0  13  10   0   1   0   0  20   0   0   0   4   3   4   1   2  0.59 0.34
  316 F    -6  -7  -7  -8  -7  -7  -7  -8  -5  -2  -1  -7   1   9  -8  -6  -2  -3   3  -3    0   0   0   0   0   0   0   0   0   2   4   0   3  78   0   0   3   0   9   2  2.38 0.79
  317 R    -5   8  -4  -6  -5   2  -4  -5  -3  -5  -6   2  -2  -5  -5  -3  -5  -4  -6  -5    0  75   0   0   0   7   0   0   0   0   0  11   1   0   0   2   0   0   0   0  2.01 0.75
  318 K     0   3   1  -2  -5   1   1  -3   2  -3  -3   4  -2  -4  -4   0  -2  -5  -2  -2    7  19   8   2   0   6   9   1   5   2   2  27   1   0   0   6   2   0   1   3  0.47 0.28
  319 T     3   0  -2  -1   5  -1   0   1   1  -4  -4  -2  -4  -4  -4   0   1  -4   2  -2   31   5   1   3  13   2   6  10   4   0   0   1   0   0   0   4  10   0   8   1  0.47 0.31
  320 L    -4  -6  -7  -7  -1  -6  -6  -7  -5   2   3  -6   4   7  -7  -6  -4  -3   1  -2    1   0   0   0   2   0   0   0   0  10  26   0  11  44   0   0   0   0   4   2  1.37 0.54
  321 S    -1   3  -1  -3  -3   2  -2  -3   0   1   0   4   1  -2  -3   0  -2   1  -2  -1    5  15   2   0   0  11   1   1   2   8  10  25   4   1   1   6   1   2   1   3  0.32 0.24
  322 L    -1   3  -1  -2  -2   2   2  -4   2  -2  -1   3   0  -2  -3   0   1  -3  -1  -2    5  15   3   0   1  10  12   0   5   2   6  19   2   1   0   5   9   0   1   2  0.31 0.22
  323 I     0  -3  -4  -4   0  -1  -4  -4  -1   4   2  -2   2   1  -4  -2   1  -4   0   1    9   0   0   0   2   3   0   0   2  23  22   2   6   6   0   3  11   0   3   9  0.37 0.23
  324 V    -4  -5  -6  -6   2  -3  -6  -6  -5   2   5  -5   2   4  -5  -5  -4  -2  -2   1    0   0   0   0   5   1   0   0   0   9  50   0   4  19   1   0   0   0   1   8  1.02 0.43
  325 T    -2   3  -1  -4   7  -1  -3  -1   2  -3  -1   0  -3   0   2   0   0  -2  -2  -3    2  15   3   0  25   3   0   5   5   1   6   6   0   5   9   7   6   1   1   1  0.54 0.30
  326 L     0   0  -5  -6   9  -4  -5   0  -2  -3   0   0   1   0  -2  -1  -3   0  -2  -3    7   5   0   0  44   0   0   8   1   1  11   5   4   5   2   4   1   1   1   1  1.18 0.49
  327 R    -3   3  -2  -3   6   3  -2  -4   4  -2  -2   3  -4  -5  -1  -1  -3  -5  -1  -3    1  18   1   1  18  13   1   1  11   3   5  17   0   0   2   4   1   0   2   1  0.71 0.37
  328 I    -1   0  -2  -2   4  -1  -3  -2  -1   2   1  -1   0   0   0  -1  -2   4  -1   1    4   6   1   2  10   3   0   4   1  11  18   4   1   3   6   5   0   6   1  12  0.18 0.15
  329 F     0   1  -3  -3   5  -1  -2  -2  -3  -1   1  -2   0   4  -2  -2  -2   2   2   0    7   8   1   1  12   3   3   3   0   2  15   2   2  23   2   2   2   2   6   5  0.33 0.22
  330 E    -1   4   0  -2   4   1   1   0  -1  -3  -3   2  -3  -2   1   0  -1   1  -3  -3    5  23   5   1  11   5   8   6   1   1   2  13   0   2   6   6   2   2   0   2  0.35 0.23
  331 P     0   2   0  -1  -4   1   1  -1   1  -3  -4   1  -3  -4   4   1   0  -5  -4  -1    8  10   4   2   0   6   9   3   3   1   0  11   0   0  18  13   5   0   0   6  0.34 0.21
  332 N    -1   2   2   1  -3   0   0  -2   3  -3  -1   1  -3  -1   2   1   0  -4  -3  -2    3  14   9   9   0   3   4   2   7   1   8   8   0   3  11  10   6   0   0   2  0.22 0.18
  333 S     0  -1  -2   1   4  -2   0  -2  -2  -3  -4   0  -4  -2   1   4   1  -5  -4   0    6   3   0   9  11   1   7   3   1   1   1   5   0   2   7  31   7   0   0   7  0.40 0.29
  334 S     0   0  -1   2  -4   2   3  -1   2  -5  -5   1  -4  -5  -2   3  -1  -5  -2  -4    7   4   2  13   0   7  17   3   5   0   0   9   0   0   2  26   3   0   1   0  0.47 0.30
  335 D    -2  -1   2   4   0   0   1  -4   2  -5  -4  -2  -4  -2   2   2   1  -5  -2  -4    2   3   8  27   2   4  10   0   6   0   1   1   0   2   8  14  11   0   1   0  0.50 0.30
  336 I     0  -2  -1   0   3  -1  -1  -3  -1   1   0  -2   2  -2   0   2   3  -4  -2   0    5   2   1   5   7   1   4   0   2  11   8   1   6   1   4  16  21   0   1   5  0.21 0.19
  337 N    -2   1   4   1  -4   1   1  -3   1  -4  -4   0  -3  -1   0   3   1  -5  -3  -3    2   7  19   8   0   6   8   0   4   1   0   3   0   3   5  26   9   0   0   1  0.43 0.27
  338 L    -1  -4  -4  -5   0  -1  -3  -5  -1   1   5  -4   1  -2  -2  -2   0  -4  -3   1    5   0   0   0   2   2   1   0   2   7  58   0   1   0   2   2   7   0   0  10  0.63 0.30
  339 F    -1  -1  -1  -4  -4  -3  -3  -4   3   0  -2  -3  -2   5  -4   2   0  -2   3  -2    3   4   3   0   0   0   0   0   9   6   2   0   0  32   0  23   5   0  12   1  0.59 0.30
  340 T     0  -3  -2  -3  -3  -2  -3  -3  -3  -2   1  -3  -2  -4  -3   4   4  -4  -3   0    7   0   0   0   0   0   0   0   0   0  14   0   0   0   0  45  28   0   0   6  0.66 0.33
  341 V    -1  -3  -4  -4  -2  -3  -3  -4  -4   2   2  -3   3  -1  -3  -3  -1  -3  -2   4    0   0   0   0   0   0   0   0   0   8  25   0   9   0   0   0   0   0   0  58  0.48 0.10

                      K         Lambda
Standard Ungapped    0.1400     0.3282
Standard Gapped      0.0457     0.2670
PSI Ungapped         0.1492     0.3178
PSI Gapped           0.0457     0.2670
