
Last position-specific scoring matrix computed, weighted observed percentages rounded down, information per position, and relative weight of gapless real matches to pseudocounts
            A   R   N   D   C   Q   E   G   H   I   L   K   M   F   P   S   T   W   Y   V   A   R   N   D   C   Q   E   G   H   I   L   K   M   F   P   S   T   W   Y   V
    1 M    -2  -3  -4  -4  -2  -3  -3  -4  -3   2   4  -3   3   2  -3  -3  -2  -2  -1   1    0   0   0   0   0   0   0   0   0   9  69   0  13   9   0   0   0   0   0   0  0.50 0.08
    2 K    -2   0  -1  -1  -4   4   4  -3  -1  -3  -1   3  -2  -4  -2  -1  -1  -4  -3  -3    0   0   0   0   0  26  35   0   0   0   9  27   0   0   0   0   3   0   0   0  0.60 0.19
    3 L     2  -2  -2  -2  -2   1  -2  -1  -2  -1   1  -1  -1  -2  -2   1   3   2  -2   0   28   0   0   0   0   7   0   3   0   0  17   3   0   0   0   6  28   4   0   3  0.23 0.13
    4 V     0  -3  -4  -4  -2  -3  -3  -4  -4   4   2  -3   1   1  -3  -2  -1  -3  -2   3    8   0   0   0   0   0   0   0   0  34  20   0   3   7   0   3   0   0   0  26  0.42 0.15
    5 L    -1  -3  -3  -4  -2  -3  -3  -4  -3   1   3  -3   1   3  -1  -1   0  -2   1   2    2   0   0   0   0   0   0   0   0   7  39   0   3  14   3   6   5   0   3  18  0.31 0.13
    6 G    -1  -3  -4  -4  -2  -3  -4   0  -3   0   4  -3   2   1  -4  -1  -2  -2   0   1    4   0   0   0   0   0   0   8   0   0  62   0   4   6   0   5   0   0   3   7  0.45 0.19
    7 A     2  -3  -2  -3  -3  -3  -3   6  -3  -4  -4  -3  -4  -4  -3   1  -2  -4  -4  -4   23   0   0   0   0   0   0  66   0   0   0   0   0   0   0  12   0   0   0   0  1.06 0.28
    8 L    -3  -4  -5  -5   1  -4  -4  -5  -4   1   4  -4   0   5  -5  -4  -3  -2   0   0    0   0   0   0   3   0   0   0   0   6  50   0   0  36   0   0   0   0   0   4  0.78 0.24
    9 Q    -3  -1  -2  -2  -5   8   0  -4  -2  -5  -4  -1  -3  -5  -3  -2  -1  -4  -4  -4    0   0   0   0   0  94   2   0   0   0   0   0   0   0   0   0   4   0   0   0  1.83 0.50
   10 W    -4  -3  -1  -4  -5  -2  -2  -4  10  -5  -4  -3   1  -3  -5  -3  -4   5   0  -5    0   0   2   0   0   0   0   0  83   0   0   0   5   0   0   0   0  10   0   0  2.20 0.50
   11 T     1  -3  -3  -4  -3  -3  -3  -4  -1   0   2  -3   1   2  -4  -2  -1  -1   6   1   13   0   0   0   0   0   0   0   0   3  21   0   2   9   0   0   4   0  37  11  0.53 0.20
   12 A    -1  -4  -5  -5  -3  -4  -4  -5  -4   2   4  -4   0   4  -4  -3  -2  -2  -1   0    4   0   0   0   0   0   0   0   0   8  61   0   0  22   0   0   0   0   0   4  0.71 0.23
   13 F     3  -3  -3  -3  -2  -2  -3  -2  -3   0   0  -2  -1   2  -3   0   1  -3  -2   3   38   0   0   0   0   0   0   0   0   0   9   0   0  10   0   6   9   0   0  28  0.33 0.18
   14 I     0  -3  -4  -5   4  -3  -4  -4  -4   2   1  -3   8  -2  -4  -1  -2  -3  -3  -1   10   0   0   0   9   0   0   0   0  13   6   0  56   0   0   5   0   0   0   0  0.92 0.33
   15 I    -1  -4  -4  -5  -3  -4  -4  -4  -2   1   3  -4   0   6  -4  -3  -3  -1   3   0    7   0   0   0   0   0   0   0   0   4  31   0   0  42   0   0   0   0  10   6  0.69 0.22
   16 A     2  -3  -2  -3   2  -3  -3   5  -3  -3  -4  -2  -3  -4  -3   2  -2  -4  -4  -1   20   0   0   0   5   0   0  52   0   0   0   0   0   0   0  16   0   0   0   7  0.72 0.23
   17 A     2  -3   0  -2  -2  -2  -2   3  -3  -1  -1  -2  -2  -3   0   1   2  -4  -3  -2   21   0   5   0   0   0   0  29   0   5   7   0   0   0   3   9  22   0   0   0  0.35 0.16
   18 A     2  -3  -2  -3  -2  -2  -3  -3  -3   0   1  -2   1  -2  -3   0   4  -4  -3   1   21   0   0   0   0   0   0   0   0   2  17   0   3   0   0   2  43   0   0  11  0.45 0.22
   19 I     0  -4  -4  -4   1  -4  -4  -4  -4   4   0  -4  -1  -2  -4  -3  -1   2  -2   5    7   0   0   0   3   0   0   0   0  35   0   0   0   0   0   0   3   3   0  49  0.71 0.26
   20 V     1  -3  -3  -4  -2  -3  -3  -3  -3   1   3  -3   1   1  -3  -1   1  -3  -2   2   15   0   0   0   0   0   0   0   0   2  40   0   2   5   0   3  12   0   0  22  0.34 0.17
   21 V    -2  -4  -4  -4  -3  -3  -4  -4  -4   4  -1  -3   1  -2   3  -1  -2  -4  -3   4    0   0   0   0   0   0   0   0   0  29   0   0   4   0  15   7   0   0   0  45  0.66 0.25
   22 P     1  -4  -4  -4  -4  -3  -3  -4   2  -5  -5  -3  -4  -5   8  -2  -3  -6  -4  -4   16   0   0   0   0   0   0   0   7   0   0   0   0   0  78   0   0   0   0   0  2.01 0.43
   23 V    -1  -1  -1  -3  -2  -2  -3  -3  -3   1   3  -1   0   2   0   0   0  -2   0   1    2   3   2   0   0   0   0   0   0   6  43   3   0   9   5  11   7   0   2   7  0.22 0.13
   24 A     0  -3  -4  -4  -2  -3  -3  -4  -4   3   3  -3   2  -1   0  -2   0  -3  -1   2    7   0   0   0   0   0   0   0   0  24  41   0   4   0   5   0   7   0   1  10  0.41 0.17
   25 V    -2  -3  -4  -4  -2  -3  -4  -4  -4   3   4  -3   3  -1  -4  -3   0  -3  -2   3    0   0   0   0   0   0   0   0   0  22  43   0   9   0   0   0   5   0   0  20  0.55 0.19
   26 A     2  -3  -2  -3   1  -3  -3   3  -3   0   0  -2  -1  -2  -3  -1  -1  -3  -3   2   27   0   0   0   3   0   0  27   0   0  11   0   0   0   0   3   0   0   0  27  0.35 0.17
   27 Q     0  -1  -1   0   1   1   0  -1   0  -2   1  -1   0  -3   4   1  -1  -3  -2  -2    9   2   0   6   3   7   6   3   3   0  17   2   3   0  23  11   3   0   0   0  0.28 0.11
   28 S     3  -1   0   1  -2   0  -1   0  -2  -2   0  -1   0  -3  -1   2  -1  -3  -3  -2   40   3   3   9   0   5   0   4   0   0   9   2   2   0   2  21   0   0   0   0  0.28 0.16
   29 F    -1  -3  -3  -4  -3  -2  -3  -3  -3   1   3  -3   6   3   0  -1  -2  -2  -1  -1    6   0   0   0   0   0   0   0   0   4  28   0  32  17   4   5   0   0   0   0  0.50 0.22
   30 H    -1  -2   2   0  -4   1  -2   5   2  -4  -4  -2  -3  -4   0  -1  -2  -4  -3  -4    0   0  14   5   0   8   0  56   7   0   0   0   0   0   4   3   0   0   0   0  0.77 0.23
   31 L    -1  -1  -2  -2  -2  -2  -2   3  -1   0   2  -2   0   1   0  -2  -2  -2  -1   0    2   4   0   2   0   0   1  29   2   3  33   1   0   7   4   1   1   0   2   8  0.22 0.12
   32 D     0  -1   1   3  -2  -1  -1   2  -2  -3  -2  -1  -2  -3   2   2   1  -3  -3  -2    6   4   6  20   0   0   1  19   0   1   4   1   0   0  11  18   8   0   0   1  0.30 0.11
   33 H     1  -1   1   2  -2   2   0   0   3  -2  -2   0  -2  -2   1   1   0  -2   0  -1   12   1   6  12   0  14   1   4   9   1   1   4   0   1   6  15   6   0   4   3  0.18 0.09
   34 S     0  -1  -1   1  -2   1   2   1   1  -2  -2   0  -2  -2  -2   1  -1   3   0  -1    8   1   1   6   0   4  24  15   5   1   5   6   0   1   1  10   1   5   4   3  0.18 0.08
   35 D     1  -1  -1   3  -2   2   2  -2  -1  -2  -1  -1   1  -2  -1   1   0  -3  -2  -1   14   1   1  18   0  10  20   1   0   1   4   1   5   1   1  12   4   0   1   4  0.24 0.10
   36 S    -1   0  -1  -2  -2   0  -1   0  -2   0   0   2  -1  -2   0   0   2  -2   0   0    1   3   1   1   0   4   1   7   0   5  13  21   0   1   4   8  20   0   4   7  0.10 0.08
   37 A     3  -1   0  -2  -1   1  -1  -1  -2  -1  -1  -1  -1  -2  -1   2   1  -3  -2   1   38   1   4   1   0   9   1   1   0   1   6   1   0   1   1  16   8   0   1  10  0.23 0.12
   38 R    -1   2   0  -1  -2   3   0  -2   1  -1  -2   2   0  -1  -2   0   0  -1   4  -2    4  11   4   1   0  17   3   2   4   3   2  13   3   1   1   4   6   0  19   1  0.21 0.10
   39 L    -1  -2  -3  -3  -2  -2  -2  -3  -3   1   4  -2   1  -1  -2  -2  -1  -2  -2   3    2   1   1   1   0   1   1   2   0   4  53   1   2   1   1   2   1   0   1  23  0.40 0.14
   40 I    -1  -3  -3  -3  -2  -2  -3  -3  -3   5   1  -2   0  -1   1  -2   0  -3  -2   3    1   1   1   1   0   1   1   1   0  45  10   1   0   1   6   1   6   0   1  21  0.41 0.15
   41 Q     2  -1   0  -1  -2   4   1   1  -1  -3  -3  -1  -2  -3  -2   3  -1  -3  -3  -3   18   0   2   0   0  28   6  10   0   0   1   0   0   0   0  31   1   0   0   1  0.45 0.20
   42 S     1  -2  -2  -2  -2  -2  -2  -3  -3   1  -2  -2   2  -2  -2   2   5  -3   0   0   11   0   0   0   0   0   0   0   0   9   0   0   6   0   0  14  49   0   5   3  0.49 0.23
   43 T     1  -2  -1   1  -2  -2  -2   0  -2   2   1  -2   0  -2  -2   1   0  -3  -2   1   18   0   0  10   0   0   0   9   0  17  12   0   3   0   0  18   4   0   0   8  0.13 0.10
   44 F    -3  -4  -5  -5  -3  -4  -5  -5  -4   2   5  -4   2   4  -5  -4  -3  -2  -1  -1    0   0   0   0   0   0   0   0   0   9  64   0   3  24   0   0   0   0   0   0  0.86 0.28
   45 F    -3  -4  -4  -5  -3  -4  -4  -5  -3   2   2  -4   0   6  -5  -4  -1   4   1   0    0   0   0   0   0   0   0   0   0  12  26   0   0  49   0   0   5   5   0   3  0.85 0.27
   46 V     1  -3  -2  -3   4  -2  -3   0  -3   0   0  -2   3  -1  -3   1   1  -3  -2   3   11   0   0   0  12   0   0   8   0   0   7   0  10   3   0  10  12   0   0  27  0.25 0.15
   47 L     2  -3   0  -2   6  -1  -2  -2  -3  -2  -1  -2  -2  -3  -3   4   1  -4  -3   0   15   0   3   0  19   2   0   0   0   0   4   0   0   0   0  41   7   0   0   9  0.51 0.23
   48 G     0  -4  -2  -3  -4  -4  -4   7  -4  -5  -5  -3  -4  -5  -4  -2  -3  -4  -5  -1    5   0   0   0   0   0   0  90   0   0   0   0   0   0   0   0   0   0   0   5  1.60 0.38
   49 I    -2  -4  -5  -5  -2  -4  -4  -5  -4   5   3  -4   2  -1  -4  -3  -2  -4  -3   2    2   0   0   0   0   0   0   0   0  48  32   0   3   0   0   0   0   0   0  15  0.73 0.24
   50 A     2  -2   2  -2  -2  -2  -2   2  -2  -2  -1  -1   0  -3  -2   1   2  -4  -3   0   21   0  14   0   0   0   0  20   0   0   5   2   3   0   0   7  20   0   0   8  0.27 0.15
   51 A     0  -3  -2  -3   2  -2  -3   0  -4  -3  -3  -2  -3  -4  -3   1   6  -4  -4  -2    4   0   0   0   5   0   0   5   0   0   0   0   0   0   0   9  78   0   0   0  1.07 0.38
   52 V    -2  -4  -5  -5  -3  -3  -4  -5  -4   2   4  -4   2   2  -4  -3  -2   2  -1   1    3   0   0   0   0   0   0   0   0  12  62   0   3  10   0   0   0   3   0   7  0.67 0.23
   53 I     0  -4  -4  -5  -2  -3  -4  -4  -4   3   4  -4   0   3  -4  -3  -2  -3  -1   1   10   0   0   0   0   0   0   0   0  17  54   0   0  14   0   0   0   0   0   5  0.57 0.21
   54 Q    -1  -1  -2  -2  -4   7   0  -3   2  -4  -3  -1  -2   1  -3  -2  -3  -3   1  -4    6   0   0   0   0  72   0   0   6   0   0   0   0   7   0   0   0   0   6   0  1.16 0.39
   55 C     1  -2  -2  -2   4   0  -2  -2  -3   1   0  -2   0  -2  -2   1   3  -3  -2   1   14   0   0   0  10   5   0   0   0   9  11   0   3   0   0  11  28   0   0   8  0.25 0.14
   56 L    -1  -3  -1  -3  -2  -2  -3  -3   0   0   2  -1   0   4  -3  -1   1   6   1  -1    3   0   3   0   0   0   0   0   2   3  29   3   0  25   0   3   9  11   3   2  0.38 0.16
   57 K    -1   2  -2  -3   3  -2  -2  -1  -2  -1  -1   0   2   5  -3  -1  -2  -1   0   0    4  14   1   1  10   1   1   4   0   3   1   5   7  39   1   3   1   0   0   6  0.36 0.16
   58 G    -1  -2   0  -2  -3  -2  -2   6  -2  -2  -3   0  -2   0  -2  -1  -1  -3  -2  -3    1   1   5   1   0   1   1  63   0   4   2   7   0   5   1   1   4   0   1   1  0.72 0.18
   59 H    -1   0  -1  -2   2  -1  -1   1   3   0  -2  -1  -1  -2  -2   2   4  -3  -2  -1    1   5   1   1   5   1   1  12   9   9   1   1   0   1   1  16  34   0   1   1  0.26 0.14
   60 R    -2   6  -1  -2  -3  -1  -1  -1  -1  -3  -3   1  -2  -1  -2  -1   1  -3   1  -3    1  63   1   1   0   1   1   4   0   1   1   4   0   3   1   1  10   0   5   1  0.75 0.23
   61 L    -2   0  -3  -3  -2  -2  -3  -1  -2   1   4  -1   0   2   0  -2  -2  -2   1   0    1   5   0   1   0   0   1   5   0   8  51   3   0  11   6   1   1   0   6   1  0.31 0.14
   62 P     0  -2  -2  -2  -3  -2  -2   1   0  -3  -2  -2  -2  -3   6  -1   1  -3   1  -2    6   1   1   1   0   1   1  14   3   1   4   1   0   1  47   1  12   0   6   1  0.86 0.21
   63 I    -1  -1  -3  -3  -2  -2  -2  -3  -3   3   2   0   1  -1  -3  -1  -1  -2   0   2    1   4   0   1   0   0   1   1   0  28  28   6   2   0   1   4   3   0   4  16  0.26 0.12
   64 N    -1  -3   0  -2  -2  -2  -3   4  -2   2  -1  -2   1   1  -3  -1  -2   1   0   1    2   1   4   1   0   0   1  36   0  20   1   1   5   8   1   3   1   3   3  11  0.29 0.13
   65 E     1  -1  -1  -1  -2   4   1   0  -1   0  -2   1  -1  -3   0   1   0  -3  -2  -1   13   1   1   1   0  29   9   8   0   7   1   6   0   1   5   8   6   0   0   3  0.23 0.12
   66 S     2  -2  -1  -2   1  -1   0   2  -2  -1  -2  -1   0  -3  -2   3   1  -3  -2   0   16   0   0   0   3   0   6  19   0   3   1   1   3   0   0  30   6   0   0   9  0.25 0.13
   67 P    -1  -2  -2  -2  -3  -2  -2   1  -1  -2  -1  -1   0   1   5   1  -1  -1   4  -2    1   0   0   0   0   0   1  11   0   0   5   3   3   4  32  11   4   0  21   1  0.57 0.18
   68 A     3  -2  -1  -2  -2  -1  -2   1  -2  -1  -1  -1  -1  -2  -2   2   2  -3   0  -1   35   0   0   0   0   0   1   8   0   3   8   3   0   0   0  21  13   0   3   3  0.25 0.13
   69 G    -2   0  -2  -3  -3   0  -2   2  -1  -2  -1   0  -2   4  -3   0  -2  -1   5  -2    1   6   0   0   0   5   0  21   0   0   4   7   0  23   0   6   0   0  25   0  0.43 0.18
   70 L     0  -3  -1  -3  -2  -2  -2  -4  -3   2   3  -3   1  -1   0  -1  -1  -3  -2   3    7   0   3   0   0   0   3   0   0  13  34   0   2   0   5   4   0   0   0  29  0.31 0.15
   71 W    -1  -3  -3  -3  -3  -3  -3   0  -3   0   0  -3   1   2   5  -1  -2   5   0   0    5   0   0   0   0   0   0   8   0   7   8   0   5  14  30   4   0   9   2   8  0.51 0.17
   72 W     0  -3  -3  -3   0  -2  -3  -1  -3   0   0  -2  -1  -2   4   1   1   6  -2   1    7   0   0   0   2   0   0   6   0   5  10   0   0   0  19  11  10  13   0  17  0.39 0.16
   73 G     1  -2  -2  -3  -2  -2  -2   1  -3   2   0  -1   0   0  -3   0   1  -3   0   2   15   0   0   0   0   0   0  11   0  23   3   4   2   5   0   5  12   0   3  15  0.15 0.11
   74 V    -1  -2  -3  -3   1  -1  -2  -3  -3   1   2  -2   2   1   2   0   1  -3  -1   2    2   0   0   0   4   3   0   0   0   5  23   2   7   9  10   6  13   0   0  17  0.20 0.11
   75 Y     2  -2   0  -2  -2  -2  -2   1  -2   0   0  -1   1   1  -2   2  -1  -2   1   0   21   0   4   0   0   0   0  12   0   5   6   3   5   6   0  23   0   0   8   7  0.15 0.12
   76 T    -1  -3  -2  -3   2  -2  -3  -1  -3   3   0  -1  -1   0  -3   1   3  -3  -1   1    3   0   0   0   5   0   0   4   0  32   8   3   0   3   0  13  22   0   2   6  0.24 0.15
   77 I     0  -3   0  -1  -2  -2  -2  -3  -3   3   0  -2   1  -2   0   1   2  -4  -2   2    8   0   6   2   0   0   0   0   0  28   2   0   5   0   3  13  21   0   0  12  0.24 0.15
   78 Y    -1  -3   0  -1  -2  -2  -2   0   0   1   1  -3   1   4  -3  -1  -2  -1   2   1    4   0   7   3   0   0   1   6   2  10  12   0   3  25   0   6   0   0   9  12  0.19 0.11
   79 A     2  -2   0   0  -2  -1  -1   0  -2   1  -1  -2  -1  -3   1   2   2  -4  -3   0   18   0   5   4   0   0   3   6   0  11   6   0   0   0   5  21  17   0   0   4  0.18 0.11
   80 G     2  -2  -2  -2  -2  -2  -1   2  -2   0  -1  -2  -1   2   0   1   1  -2   0  -1   27   0   0   0   0   0   4  16   0   5   5   0   0  13   5  10  10   0   2   3  0.18 0.12
   81 L     0   2  -2  -2  -2   0  -1  -1   1   2   0  -1  -1   0  -3   0  -1  -2   1   2    7  17   0   0   0   5   3   5   5  15   7   0   0   3   0  10   0   0   6  18  0.10 0.10
   82 T     0  -1  -2  -2   2  -2   0  -2  -2  -1   0  -1  -1   3  -3   0   2   1   2  -1   10   3   0   0   6   0   8   2   0   0  13   3   0  17   0   8  19   2  10   0  0.17 0.12
   83 G     0  -1   2  -1  -3   0  -1   0  -2  -2  -2   0  -2  -3   4   1   2  -4  -3  -1    9   3  11   2   0   4   0   8   0   0   3   5   0   0  25   9  14   0   0   6  0.37 0.13
   84 T     0  -1  -1   1   0  -1  -1   0   0   0   0   0   2   0   0   0   0   2  -1   0    8   2   1  12   2   0   0   7   2   8   6  10  13   4   3   7   7   3   0   5  0.04 0.06
   85 V    -1   0   0   0  -2   0  -1  -1  -2   2   0   0  -1  -2   3   0   1  -4  -2   1    3   8   4   6   0   5   2   3   0  25   6   3   0   0  16   5  10   0   0   6  0.17 0.10
   86 F     2  -2  -1  -2   1  -1   0   1   0  -1   0  -1   0   1  -2   1   0  -2   1  -1   26   0   3   0   3   0   9  14   2   1  10   2   2   9   0  11   3   0   5   0  0.13 0.10
   87 A     1  -2   1   1   1   0   1   1   0   1   0  -1  -1  -2   0   0   0  -3  -2   0   12   0   7   8   3   6  12  10   3  13  10   0   0   0   3   3   5   0   0   5  0.06 0.06
   88 T    -1   2   0  -1  -3   0  -1   3  -2  -2  -2   0  -2  -3   2   0   1  -3  -3  -1    3  16   3   3   0   3   2  30   0   0   5   3   0   0  13   4   9   0   0   5  0.31 0.12
   89 Y    -2  -3  -1  -3  -3  -1  -1  -3  -1   0   0  -2   0   4   2   1   0   4   1  -1    0   0   3   0   0   2   5   0   2   8   6   0   3  27  11  15   5   7   4   3  0.28 0.14
   90 G    -1   1   3  -1  -3   0   2   1   0  -1  -2   1  -2  -3   1   0   1  -4  -3   0    0   8  20   0   0   0  17  12   1   3   2   9   0   0   6   3   9   0   0   9  0.20 0.12
   91 D    -1   1  -1   1  -3   0   1  -3   2  -2   0  -1   0  -1   2  -1   1   3   2  -2    5  10   0  11   0   2  10   0   8   0  14   0   3   2  10   2  10   5   8   0  0.16 0.10
   92 T     0  -1   0  -2  -3  -2  -2   3  -3   2  -2  -1   0  -3   1   0   2  -4  -3  -1    5   3   4   0   0   0   0  27   0  18   0   3   3   0   8   7  22   0   0   0  0.28 0.15
   93 L    -1  -3  -4  -4   3  -3  -4  -4  -3   3   2  -3   6  -1  -4  -2  -2  -3   0   1    5   0   0   0   8   0   0   0   0  22  21   0  34   0   0   3   0   0   3   5  0.59 0.24
   94 R     1   5  -2  -1  -3   1   0  -3   0  -2  -2   0  -2  -4   3   0   0  -4  -3  -1   13  42   0   3   0   5   3   0   2   2   3   0   0   0  13   6   5   0   0   3  0.45 0.19
   95 G     1  -2  -1   0  -3  -1   3   2  -2   0  -3  -1  -2  -3  -2   1   1  -4  -3  -1   17   0   0   3   0   0  24  21   0   9   0   3   0   0   0  12   9   0   0   3  0.27 0.14
   96 L     1  -3  -3  -3  -2  -3  -3  -1  -3   3   2  -3   0   0  -3  -1   1  -3  -2   2   18   0   0   0   0   0   0   6   0  26  19   0   0   3   0   2   8   0   0  18  0.26 0.14
   97 Q    -1  -2  -2  -3  -4   5  -1  -3   1  -1   0  -1   1   3  -3   0  -2  -2   4  -2    5   0   0   0   0  40   0   0   3   2   7   0   5  17   0   7   0   0  15   0  0.53 0.25
   98 G    -2  -4  -2  -3  -4  -3  -2   6  -4  -4  -2  -3  -3  -4  -4  -2   0  -4  -4  -1    0   0   0   0   0   0   3  81   0   0   5   0   0   0   0   0   5   0   0   5  1.26 0.33
   99 A     5  -3  -2  -3  -2  -2  -1   2  -3  -3  -3  -2  -2  -4  -2   1   0  -4  -3   0   66   0   0   0   0   0   3  16   0   0   0   0   0   0   0   7   3   0   0   5  0.68 0.27
  100 L    -2  -4  -4  -4  -2  -3  -4  -1  -4   4   3  -4   0   1  -4  -3   0  -3  -2   2    0   0   0   0   0   0   0   5   0  32  40   0   0   6   0   0   5   0   0  12  0.49 0.19
  101 L     0  -4  -4  -5  -3  -3  -4  -5  -4   5   2  -4   4  -1  -4  -3  -2  -4  -3   2    7   0   0   0   0   0   0   0   0  56  15   0  13   0   0   0   0   0   0   9  0.73 0.26
  102 V     2  -3  -4  -4  -2  -3  -3  -2  -3   3   1  -3   4   1  -3  -2  -1  -3  -2   3   19   0   0   0   0   0   0   3   0  16  10   0  16   5   0   0   0   0   0  32  0.39 0.18
  103 S     3  -3  -2  -2   3  -2  -2   1  -2  -3  -3  -2  -2  -3  -2   3   2  -3   1  -2   30   0   0   0   7   0   0   8   0   0   0   0   0   0   0  32  18   0   5   0  0.47 0.22
  104 A     1  -3  -1  -2  -3  -2  -3   5  -3  -5  -5  -2  -4  -4  -3   4  -1  -4  -4  -4    7   0   0   0   0   0   0  50   0   0   0   0   0   0   0  43   0   0   0   0  0.97 0.31
  105 V    -1  -3  -4  -4   5  -3  -4  -4  -4   1   3  -3   1   1  -4  -1  -1  -3  -2   3    3   0   0   0  14   0   0   0   0   6  36   0   2   7   0   4   3   0   0  26  0.44 0.18
  106 C    -2  -4  -4  -4   1  -3  -4  -4  -4   2   3  -4   0   4  -4  -2  -1  -2  -1   3    0   0   0   0   4   0   0   0   0  14  29   0   0  22   0   2   3   0   0  26  0.48 0.18
  107 F    -1  -1  -1  -2   2   4   2  -3   1  -2  -2  -1  -2   2  -3  -1   0  -2   2  -1    5   0   2   0   6  33  18   0   4   2   0   0   0  10   0   0   7   0   9   5  0.38 0.20
  108 F     0  -3  -3  -3   2  -3  -3   0  -3   3   1  -3   3   2  -3  -1   0  -3  -1   2    5   0   0   0   6   0   0   7   0  21   9   0  11  11   0   6   7   0   0  19  0.23 0.13
  109 L    -1  -3  -4  -4  -2  -3  -4  -4  -4   3   3  -3   2  -1  -4  -3  -1  -3  -2   3    5   0   0   0   0   0   0   0   0  24  39   0   3   0   0   0   3   0   0  25  0.55 0.19
  110 L    -2  -4  -4  -5  -2  -3  -4  -5  -4   4   3  -4   2   2  -4  -3  -2  -3  -2   2    2   0   0   0   0   0   0   0   0  36  35   0   5   8   0   0   0   0   0  14  0.59 0.20
  111 S     1  -1  -2  -2   2  -2  -1   5  -3  -4  -4  -1  -3  -4  -3   2  -2  -4  -4  -3   10   3   0   0   5   0   3  57   0   0   0   3   0   0   0  17   0   0   0   0  0.77 0.23
  112 V    -2  -1  -3  -3  -3  -1  -3  -2  -2   0   2  -1   0   5  -3   0   0  -1   2   0    0   2   0   0   0   3   0   3   0   5  21   3   0  35   0   9   5   0   7   4  0.33 0.15
  113 F    -1  -3  -2  -3  -2  -2  -3  -2  -3   0   3  -3   0   3  -3   2  -1  -2  -1   0    3   0   0   0   0   0   0   2   0   3  33   0   2  20   0  29   0   0   0   7  0.33 0.18
  114 K     0   0  -2  -2  -3   0  -2   5  -2  -2  -2   1   0   0   1  -1  -2  -3  -2   0    4   4   0   0   0   6   1  47   0   0   1  10   3   6   6   1   1   0   0   9  0.43 0.16
  115 V    -1  -2  -2  -3  -2  -2  -2  -1  -3   1   3  -1   2  -1  -1   0   0  -2  -2   2    3   1   1   1   0   0   1   4   0   6  37   6   9   0   3   7   4   0   0  18  0.20 0.11
  116 I    -2  -3  -3  -3  -3  -2  -3  -1  -3   1   0  -3   1   2   3  -1   0   8   1  -1    1   0   0   0   0   0   1   5   0  12   9   0   6  10  16   3   7  24   3   1  0.62 0.19
  117 D    -1   4  -1   0  -4  -1  -2   4   2  -4  -3   0  -3  -4  -1   0  -2  -4  -3  -4    2  27   0   4   0   0   0  40   8   0   3   5   0   0   3   8   0   0   0   0  0.55 0.21
  118 R     1   2   2  -2  -3  -1  -2  -2   1   0   0   1   0  -2  -1  -1  -1   5   0   0   14  17  14   0   0   0   0   0   3   7  10  12   3   0   2   0   0   9   3   5  0.19 0.13
  119 L    -1  -3  -4  -4   0  -3  -4  -4  -3   2   4  -2   0   1  -4  -3  -2  -3   1   2    3   0   0   0   2   0   0   0   0  14  53   3   0   4   0   0   0   0   5  16  0.50 0.19
  120 A     0   0  -2  -1  -2   1  -1  -3  -2   1   1  -1   2   1  -3  -1   0  -3  -1   2    9   6   0   3   0   8   4   0   0   7  17   3   8   7   0   4   4   0   0  22  0.10 0.08
  121 K    -2   6  -1  -3  -4  -1  -1  -3  -2  -3  -2   3  -2  -4   2   0   0  -4  -3  -1    0  50   2   0   0   0   0   0   0   0   3  20   0   0   9   5   5   0   0   5  0.71 0.25
  122 L    -3  -3  -4  -4  -3  -3  -4  -4   1   1   3  -4   2   5  -1  -3  -2  -1   3   0    0   0   0   0   0   0   0   0   3   8  32   0   5  30   3   0   0   0  12   6  0.56 0.20
  123 F    -3  -4  -4  -5   3  -4  -4  -5  -3   3   2  -4   3   6  -1  -3  -3  -2   0   0    0   0   0   0   7   0   0   0   0  18  18   0   9  42   3   0   0   0   0   3  0.69 0.24
  124 T    -1  -3   0  -2  -3  -2  -2   2  -3  -3  -4  -2  -3  -4   6   2   2  -5  -4  -2    0   0   5   0   0   0   0  16   0   0   0   0   0   0  39  21  15   0   0   3  0.86 0.26
  125 P    -3  -4  -4  -4  -5  -4  -3  -4  -4  -5  -5  -3  -5  -5   8  -3  -3  -5   1  -2    0   0   0   0   0   0   0   0   0   0   0   0   0   0  92   0   0   0   5   3  2.49 0.50
  126 V    -1  -3  -3  -4  -2  -3  -3  -4  -3   2   3  -3   0  -1  -3  -1   1  -3  -2   3    3   0   0   0   0   0   0   0   0  14  35   0   0   0   0   5   9   0   0  31  0.39 0.16
  127 V     0  -3  -3  -3  -2  -3  -3   0  -4   1  -1  -3  -1  -2  -3   0   1  -4  -3   5    5   0   0   0   0   0   0   7   0   2   0   0   0   0   0   9   9   0   0  64  0.54 0.24
  128 T     0  -2  -2  -3  -2  -2  -2  -3  -3   2   0  -2   3  -2   0   0   3  -3  -2   2    9   0   0   0   0   0   0   0   0  12   7   0  11   0   3   7  28   0   0  20  0.28 0.15
  129 G     2  -3  -2  -3  -2  -2  -3   5  -3  -2  -3  -2  -2  -3  -3   0   1  -3  -3   2   18   0   0   0   0   0   0  45   0   0   0   0   0   0   0   6   9   0   0  19  0.53 0.19
  130 V     0  -3  -3  -3  -3  -3  -3  -1  -3   0  -1  -2  -2  -3   7   0   0  -4  -3   1    7   0   0   0   0   0   0   6   0   6   5   0   0   0  53   5   5   0   0  10  1.00 0.24
  131 Y    -1  -3  -3  -3  -2  -3  -3  -3  -3   1   1  -3   0   2  -3   0   2  -2   1   3    0   0   0   0   0   0   0   0   0   6   9   0   0  12   0   7  20   0   4  38  0.33 0.17
  132 L    -1  -3  -4  -4  -2  -3  -4  -4  -4   3   1  -3   3  -2  -3  -3  -1  -4  -2   5    2   0   0   0   0   0   0   0   0  12  11   0  10   0   0   0   0   0   0  61  0.69 0.25
  133 L     2  -2  -2  -3  -2  -2  -2  -1  -3   1   1  -2   3   0  -2   1   1  -3  -2   1   19   0   0   0   0   0   0   4   0  13  15   0  12   3   0  14  11   0   0   7  0.17 0.11
  134 L     0  -3  -3  -3  -2  -2  -3   0  -3   2   3  -3   2   0  -3  -1  -1  -3  -2   2   10   0   0   0   0   0   0   9   0  13  37   0   8   4   0   3   0   0   0  14  0.27 0.12
  135 L     0  -3  -3  -4  -2  -3  -3  -4  -4   5   1  -3   0  -1  -3  -2   1  -3  -2   2    8   0   0   0   0   0   0   0   0  55  12   0   0   0   0   2   8   0   0  11  0.55 0.21
  136 V    -1  -4  -2  -3  -4  -3  -4   7  -4  -4  -5  -3  -4  -4  -4  -1  -3  -4  -4  -2    0   0   0   0   0   0   0  89   0   0   0   0   0   0   0   3   0   0   0   4  1.53 0.35
  137 M     0  -3  -4  -4  -2  -3  -3  -4  -3   2   4  -3   3   0  -3  -3  -1  -2   1   0    8   0   0   0   0   0   0   0   0  13  55   0   9   2   0   0   3   0   5   2  0.48 0.19
  138 Q     1  -2   0  -1  -2   1   1   2  -2  -1  -3  -1  -2  -3  -2   4   1  -3  -2  -2    7   1   4   1   0   9   8  14   0   6   1   1   0   0   1  41   5   0   0   1  0.32 0.16
  139 L    -1  -2  -3  -3  -2  -1  -3  -3  -1   1   4  -3   1   2  -3  -1  -2  -2  -1   1    4   1   1   1   0   2   1   1   2   3  64   1   0   8   1   4   1   0   0   6  0.45 0.17
  140 S     1  -2  -1  -2  -1  -1  -2   0   0   2   0  -1   0   0  -2   1   1  -2  -1   1   17   1   1   1   0   1   1   8   4  21   6   1   3   5   1  10   9   0   1   9  0.08 0.06
  141 Q     0  -1  -1  -2  -2   2  -1   1  -2   0  -2   0  -1   1   3   0   0  -2  -1  -1    8   1   1   1   0  15   1  12   0   9   2   8   0   9  19   4   6   0   1   1  0.22 0.09
  142 P     1  -2  -1  -2  -1  -1  -1  -2  -2   1   0  -1   0  -1   3   0   1  -2  -2   2   11   1   3   1   0   1   5   1   0  12   7   1   0   3  14   4  11   0   1  24  0.16 0.07
  143 I     2  -2   0  -2  -2   0  -1   2  -2  -1  -1  -1   0   0   1   0  -1  -2  -2   0   29   1   4   1   0   6   1  22   0   5   5   1   2   5   6   4   1   0   1   5  0.17 0.08
  144 I     0  -2  -2  -3  -2  -2  -2  -1  -2   2   2  -2   3   2  -2  -2  -1  -2  -1   2    8   1   1   1   0   1   1   6   0  13  23   1  11  10   1   1   1   0   1  18  0.17 0.08
  145 K     1   0   1   2  -2   0   0   0  -1  -1  -2   2  -1  -2   0   0   0  -3  -2   0   16   1   8  16   0   4   1   7   0   4   2  21   0   1   3   1   6   0   1   6  0.15 0.08
  146 G    -1   1   1   2  -3   0  -1   2  -2  -2  -2   0   2  -1   1   0   0   3  -2  -2    1   7   7  12   0   3   1  17   0   1   1   7  13   4   6   8   4   5   0   1  0.16 0.09
  147 I     1  -2  -3  -3   4  -2  -2  -2  -2   1   1  -2   3   2  -2  -1  -1   5   1   0   19   1   1   1  12   1   1   1   0   8  11   1  11  12   1   3   1   8   3   5  0.26 0.12
  148 L     2  -2  -2  -3  -2  -2  -2   1  -2   0   1  -2   0   1  -2   0   0  -2   0   0   29   0   0   0   0   0   0  14   0   7  19   0   3   9   0   7   3   0   3   4  0.17 0.11
  149 G     0  -2   0   0  -3  -1   1   5   1  -3  -2  -2  -3  -3  -2   1  -2  -3  -3  -3    8   0   5   3   0   2   9  51   3   0   6   0   0   0   0  11   0   0   0   0  0.55 0.17
  150 I    -1   1  -1  -2  -3   0  -1   3   2   0   0   0  -1  -1   0  -1  -1  -2   1  -1    1  10   0   0   0   6   1  28   8   9  11   5   0   0   3   4   1   0   8   4  0.15 0.09
  151 G     1  -2   1  -2  -3  -1   1   4  -2  -4  -4   0  -3  -3   3  -1  -2   4   0  -3   12   0   8   0   0   0  11  35   0   0   0   6   0   0  15   0   0   8   3   0  0.53 0.18
  152 Y     0  -1  -2  -1  -3  -2  -1   2   0  -1   0  -2  -1   4  -3   1  -1  -2   1  -1    9   3   0   3   0   0   2  21   3   0  14   0   0  24   0  14   0   0   4   3  0.21 0.13
  153 R     0   0   0   0  -3   0  -1   0  -2  -1  -2  -1  -2  -3   5   1   0  -3   0  -2    9   6   3   4   0   4   3   7   0   5   3   2   0   0  31  16   3   0   5   0  0.43 0.14
  154 Q     1  -1  -1  -1   2   2   1   1   0   0   0   0   0  -2   0   0  -1  -2   0  -1   13   0   0   0   5  12  10  12   3   7  11   5   3   0   3   9   0   0   5   2  0.07 0.07
  155 D     1  -2   0   0  -2   1   0   0  -2   0   0  -1  -1   0   1   0   0   2   0   0   20   0   5   7   0   9   3   6   0   6  13   0   0   4   6   4   7   4   3   5  0.06 0.05
  156 G    -1  -2  -2   1   3  -2  -1   3  -2  -2  -1  -2   0   1  -2  -1  -1   4   2  -1    1   1   1   8   8   1   3  34   0   1   5   1   4   8   1   1   4   6  10   4  0.30 0.12
  157 V     0  -1   0  -1  -2  -1   0   2  -1  -1  -1  -1  -1   1   1   0  -1  -2   0   0   10   4   6   1   0   1   6  21   0   3   5   1   0   9   8   8   1   0   4  11  0.10 0.05
  158 D     1  -2   3   2  -2  -1  -1  -1  -2   1  -2  -1  -2  -3   1   1   1  -3  -2   0   10   0  17  14   0   0   1   3   0  14   1   3   0   0   8  16   7   0   0   4  0.20 0.11
  159 G     0  -2  -1  -2   4  -2  -2   2   0  -1   2  -2   1   0   2  -1  -1  -2   0  -1    8   0   3   0  11   0   1  16   3   0  26   0   4   5   9   3   3   0   4   1  0.17 0.10
  160 L    -1  -1  -2  -1  -2  -1   1  -3  -2   0   1   2  -1  -2   0  -1   1   2  -2   2    1   0   0   3   0   0  15   1   0   2  18  19   0   0   5   3  10   3   0  20  0.14 0.11
  161 V     0  -1   1  -1  -2  -1   1  -1   3   1   0  -1   0   1  -2  -1  -1  -2   0   0    7   0  11   0   0   0  14   4  13  10   8   4   4   8   0   1   3   0   3   8  0.08 0.08
  162 F    -2  -2  -3  -3  -2   0  -2  -3  -2   3   2  -1   0   3  -3  -2  -1   3   0   1    1   1   1   1   0   6   1   1   0  25  24   6   0  14   1   1   1   5   3  10  0.25 0.11
  163 G     1  -2   0  -2   2  -2  -2   4  -2   0   0  -2  -1  -2  -2   1  -1  -3  -3  -1   15   0   6   1   6   0   1  39   0   5  11   1   0   0   0   9   1   0   0   4  0.34 0.13
  164 L    -2  -3  -4  -4   1  -3  -4  -4  -4   3   4  -4   0   1  -4  -3  -2  -3  -2   3    0   0   0   0   3   0   0   0   0  21  47   0   0   5   0   0   0   0   0  22  0.57 0.20
  165 A     2  -2  -2  -2  -2  -2  -1   2  -3   0  -1  -2  -2  -3   3   2  -1  -3  -3   0   22   0   0   0   0   0   2  18   0   5   7   0   0   0  14  25   0   0   0   5  0.33 0.15
  166 L    -2  -2  -3  -3  -2   1  -2  -1  -3   1   2  -2   4   3  -3  -2   0  -2  -1   1    0   0   0   0   0  11   0   6   0   8  24   0  18  16   0   0   6   0   0  10  0.28 0.15
  167 V     0  -3  -3  -3  -2  -2  -3  -1   0   2   2  -3   0   0  -3  -1   0  -2   1   2   10   0   0   0   0   0   0   6   3  11  33   0   0   3   0   3   5   0   5  19  0.19 0.11
  168 V    -1  -3  -3  -4  -2  -3  -3  -4  -4   2   3  -3   0  -2  -3  -2   2  -3  -2   4    4   0   0   0   0   0   0   0   0   6  30   0   0   0   0   0  18   0   0  40  0.47 0.20
  169 I    -2  -1  -3  -4  -2  -2  -3  -2  -3   2   3  -2   2   2  -2  -1  -1  -2  -1   0    0   5   0   0   0   0   0   4   0  12  46   0   5  12   2   8   2   0   0   4  0.30 0.15
  170 A     2  -2   1  -2   2  -1  -2  -1  -2   1   1  -2   1   2  -3   0  -1  -2  -1   1   23   0  10   0   5   2   0   2   0   6  10   0   3  15   0   6   0   0   0  16  0.14 0.11
  171 A     0  -3  -2  -3   1  -2  -3  -3  -3   2   2  -2   0   1  -3   0   2  -2   0   2    9   0   0   0   3   0   0   0   0  20  24   0   0   5   0   8  16   0   2  12  0.21 0.12
  172 A    -1  -1  -2  -3  -2   2  -1  -2  -3   4   0  -2  -1  -2  -3  -1   2  -3  -2   2    4   4   0   0   0  15   2   2   0  32   2   0   0   0   0   0  20   0   0  16  0.30 0.18
  173 F    -2  -3  -4  -4   1  -3  -4  -2  -3   3   2  -3   0   3  -2  -3  -1  -2   2   2    0   0   0   0   3   0   0   4   0  25  26   0   0  16   2   0   2   0   9  11  0.34 0.14
  174 I     1  -2  -2  -3  -2  -1  -2   0  -1   2   3  -2   1  -1   0   0   0  -3  -2   1   15   0   0   0   0   2   0   6   2  13  36   0   4   0   3   8   3   0   0   7  0.18 0.11
  175 M    -2  -2  -3  -4   4   0  -3  -2  -3   2   2  -2   2   1   0  -2  -2  -3  -2   2    0   2   0   0  11   7   0   3   0  15  27   0   9   8   5   2   0   0   0  13  0.26 0.13
  176 T     0  -2   2  -1  -2   0   0  -2   2   1  -1  -1   1   0   0   1   1  -2   2  -1    8   0  11   0   0   4   8   0   7  15   0   0   5   4   3  13  13   0   9   0  0.13 0.11
  177 N    -2   3   0  -3   1   0  -2  -3   0   1   1   0   0  -1  -3  -2  -2   3   0   1    0  24   6   0   3   4   0   0   3  13  20   5   0   2   0   0   0   5   2  12  0.21 0.13
  178 S    -2  -1  -3  -4   2  -1  -3  -1  -2   0   1  -1   0   5  -4  -1  -2   2   3  -2    0   3   0   0   5   3   0   7   0   3  11   6   2  41   0   5   0   3  11   0  0.46 0.19
  179 N     1   1   0   0   1  -1  -1   2   0  -2   0   0   1   0  -2   0  -1  -3  -2  -2   16  11   6   7   3   2   1  17   2   0  14   5   5   5   0   3   2   0   0   0  0.08 0.07
  180 I    -1   2   0  -2   1  -1  -1  -1   0   1  -2   2  -2  -2   2   0  -1  -4  -2  -1    3  16   3   0   3   0   0   5   3  17   0  22   0   2  13  10   0   0   0   3  0.22 0.14
  181 M    -1  -1   1  -2  -4   3   0   3   0  -3  -2  -1   1  -4   4   0  -2  -4  -3  -3    0   3   6   0   0  20   5  27   2   0   4   0   6   0  20   7   0   0   0   0  0.48 0.19
  182 F    -2   1  -3  -4  -3  -2  -3  -4  -3   2   2  -1   2   4  -4  -3  -2  -2   1   2    0  10   0   0   0   0   0   0   0  16  16   5   7  26   0   0   0   0   3  16  0.37 0.16
  183 F    -2  -4  -4  -5   3  -4  -4  -2  -3   1   2  -4   4   6  -4  -3  -3  -2   0  -1    2   0   0   0   7   0   0   4   0   7  20   0  16  43   0   0   0   0   0   2  0.68 0.25
  184 K     0   3  -1   1  -3   0   1  -2   1  -3  -2   4  -2  -4  -2   1  -1  -4  -3  -3    9  20   0   7   0   0   8   0   3   0   4  34   0   0   0  15   0   0   0   0  0.43 0.19
  185 Q    -2   3  -1  -2  -3   1  -1  -3   0   1   1   1   3  -2  -3   1   0  -3  -2   0    0  24   3   0   0   6   0   0   3   9  17   5  12   0   0  12   5   0   0   3  0.21 0.14
  186 Y    -1  -3  -4  -4   3  -3  -4  -2  -2   2   1  -3  -1   4  -4  -2  -1  -1   4   2    6   0   0   0   7   0   0   3   0  15   9   0   0  21   0   0   3   0  21  14  0.42 0.17
  187 S     3  -3  -2  -3  -3  -2  -2   2  -3  -4  -4  -2  -3  -4   5   3  -1  -4  -4  -3   31   0   0   0   0   0   0  13   0   0   0   0   0   0  29  26   0   0   0   0  0.78 0.26
  188 I    -2  -4  -4  -4   1   0  -4  -5  -4   4   1  -3   2  -2  -4  -3  -2  -4  -3   4    0   0   0   0   4   5   0   0   0  33  12   0   5   0   0   0   0   0   0  41  0.61 0.23
  189 L    -1  -3  -4  -5  -2  -3  -4  -4  -4   3   4  -3   3  -1   0  -3  -2  -3  -2   2    3   0   0   0   0   0   0   0   0  17  52   0   9   0   5   0   0   0   0  12  0.58 0.21
  190 L    -1  -4  -4  -5  -2  -4  -4  -4  -4   4   3  -4   1   3  -4  -3  -2  -3  -1   3    3   0   0   0   0   0   0   0   0  29  34   0   2  13   0   0   0   0   0  19  0.55 0.19
  191 A     2  -3  -2  -3   3  -2  -3   4  -3  -4  -4  -2  -3  -3   1   1   0  -3   0  -3   25   0   0   0   9   0   0  41   0   0   0   0   0   0   7  10   4   0   4   0  0.60 0.21
  192 L    -1  -4  -4  -4  -2  -3  -4  -2  -4   4   3  -3   1  -1  -4  -3   0  -3  -2   3    3   0   0   0   0   0   0   4   0  36  30   0   3   0   0   0   5   0   0  20  0.50 0.19
  193 F     2  -3  -3  -4   1  -3  -3  -3  -3   2   2  -3   1   0   0  -2   0  -3  -2   3   21   0   0   0   3   0   0   0   0  12  18   0   5   4   5   0   4   0   0  29  0.28 0.14
  194 G     0  -3  -3  -4   3  -3  -3   0  -4   3   1  -3   1   0  -3  -2   1  -3  -2   3   10   0   0   0   7   0   0   7   0  21  10   0   4   3   0   0   9   0   0  29  0.28 0.14
  195 G    -1  -4  -2  -3  -3  -3  -3   5  -4   1  -2  -3  -2  -3  -3  -1   0  -4  -4   3    0   0   0   0   0   0   0  54   0   7   0   0   0   0   0   4   6   0   0  29  0.72 0.25
  196 W    -4  -4  -1  -5   2  -4  -4  -4  -3  -4  -3  -4   0   1  -5  -3   1  11   5  -4    0   0   4   0   5   0   0   0   0   0   0   0   3   3   0   0  12  51  22   0  1.89 0.43
  197 V     1  -3  -4  -4  -2  -3  -4  -4  -4   4   3  -3   0   2  -4  -2  -2  -3  -1   2   17   0   0   0   0   0   0   0   0  29  30   0   0  11   0   0   0   0   0  13  0.43 0.18
  198 L     0  -3  -4  -4  -2  -3  -4  -4  -3   3   4  -3   0   1  -4  -3  -2  -2   1   2    8   0   0   0   0   0   0   0   0  23  44   0   0   6   0   0   0   0   6  13  0.49 0.19
  199 F     3  -3  -3  -3   5  -2  -3  -1  -3  -2   2  -3  -1   0  -3   2  -1   3  -2  -1   29   0   0   0  16   0   0   4   0   0  24   0   0   4   0  18   0   5   0   0  0.39 0.20
  200 A     2  -3  -3  -3  -2  -2  -3  -3  -2  -1   1  -3  -1   3  -3  -1   3   4   3  -1   23   0   0   0   0   0   0   0   0   2  17   0   0  13   0   0  25   6  14   0  0.38 0.20
  201 A     2  -3  -3  -3   1  -2  -2  -1  -3   1  -1  -2   0   4  -1   0  -1  -2   0   1   25   0   0   0   3   0   3   4   0   7   0   1   3  31   2   5   3   0   1  11  0.27 0.16
  202 A     0  -2  -1  -3   3  -1  -2   0  -2   0   1  -1   3  -1  -3   1   1  -3  -1   1    8   0   1   0  10   3   0   6   0   0  17   4  16   1   0  11   7   0   1  14  0.15 0.12
  203 G     0  -4  -1  -2  -4  -3  -4   6  -3  -4  -4  -3  -4   2  -4  -2   0  -4  -3  -4    4   0   3   2   0   0   0  76   0   0   0   0   0  10   0   0   6   0   0   0  1.18 0.32
  204 A     2  -2  -3  -3  -2  -2  -1  -2  -2   0   1   0   1   0   3  -1  -1  -2   2   1   27   0   0   0   0   0   3   0   0   6  13   7   3   5  16   0   0   0   8  12  0.25 0.13
  205 A     0  -2  -2  -1  -3  -2  -1  -2  -1   0  -1  -2  -1   1   0   0   0   2   5   2    5   2   0   4   0   0   3   2   0   5   3   0   0   5   5   8   5   3  27  23  0.25 0.15
  206 K    -1  -2   3   4  -3   1   1  -1  -2  -3  -4   1  -3  -1  -1   2  -1  -4  -3  -2    1   0  15  33   0   7   5   2   0   0   0   7   0   4   1  19   2   0   0   3  0.45 0.18
  207 P    -2  -1   1  -1  -3  -2  -2  -2   5   0   0  -2  -1   4   0  -2   0  -2   1   0    0   4  11   2   0   0   0   2  20   3  10   0   0  22   5   0   8   0   3  10  0.27 0.16
  208 I     0   0  -1  -1  -2   1   0  -2  -2  -1  -1   0  -1  -3   0   3   3  -4  -3  -1    5   5   0   2   0   9   3   0   0   4   7   2   0   0   3  33  22   0   0   4  0.27 0.16
  209 E    -1  -2   0   1  -3   2   1   1  -2  -1  -1   0  -2  -3   4   0  -1  -4  -3  -1    2   0   4  10   0  15  11  10   0   3   9   2   0   0  21  10   0   0   0   4  0.33 0.13
  210 M     0   0  -2  -3  -2  -1  -1  -3   1   2   1  -2   2  -1   0   1   1  -3  -2   2    5   6   0   0   0   0   3   0   6  13  10   0  10   2   3  12   8   0   0  21  0.13 0.11
  211 P     0   1   0   1  -2   0  -1   0   2   0   0   0  -1  -3   0   2   1  -3  -2  -1    5  10   3  11   0   2   0   5   7   8   9   2   0   0   4  20  13   0   0   2  0.12 0.09
  212 D     2   0   1   3   4   0   1  -2  -2  -3  -3  -1  -3  -4  -2   1   1  -4  -3  -2   22   5   6  23  12   5  11   0   0   0   0   0   0   0   0   6   9   0   0   0  0.37 0.16
  213 R     3   2  -2  -2  -2   1   0  -1  -2  -1  -1   1  -1  -3   1   1  -1  -3  -1  -1   32  16   0   0   0   7   3   1   0   5   8   8   0   0   7  10   0   0   1   0  0.23 0.14
  214 L    -4  -4  -5  -5  -4  -4  -5  -1   1  -4   0  -5  -3   0   1  -4  -2  11   0  -2    0   0   0   0   0   0   0   5   5   0  10   0   0   2   8   0   3  64   0   2  2.12 0.46
  215 F    -2  -4  -4  -2  -3  -3  -1  -4  -3   3   0  -4  -1   5  -4  -3  -2   3   0   2    3   0   0   3   0   0   5   0   0  27   5   0   0  38   0   0   0   5   0  15  0.58 0.22
  216 Q     1   3  -1  -2  -3   2   0  -1   0  -1  -2   1   0  -2  -3   0   0   4  -1  -1   14  26   0   0   0  13   2   4   2   5   0   8   3   0   0   7   3   7   2   3  0.26 0.14
  217 L    -2   0  -3  -3  -2  -2  -3  -4  -3   3   2  -2   1   2  -3  -1   0   1  -1   2    0   6   0   0   0   0   0   0   0  24  20   0   2   9   0   6   6   2   0  22  0.27 0.12
  218 P    -1  -4  -4  -3  -4  -3  -3  -2  -4  -2  -4  -3  -3   1   8  -2  -3  -4  -3  -2    6   0   0   0   0   0   0   3   0   3   0   0   0   8  74   0   0   0   0   3  1.71 0.36
  219 S    -2  -2   0  -1  -3   0  -1  -1   4  -1  -1   0  -2   0  -3   0   1   3   5  -2    1   0   3   3   0   3   3   6  15   6   4   7   0   0   0   7   9   3  28   0  0.32 0.16
  220 L    -2  -3  -3  -3  -4  -3  -3  -3  -3   0   0  -3  -2   1   7  -3  -3   6  -2  -2    1   0   0   0   0   0   1   1   0   6  10   0   0   6  59   1   1  13   0   1  1.38 0.30
  221 F    -2  -3  -3  -3   2  -3  -3   0  -2   0   1  -3   1   5   0  -2  -1  -1   1   0    1   0   0   0   5   0   1   7   0   2  15   0   3  42   6   1   4   0   3   9  0.43 0.17
  222 P    -1  -1   0  -1  -3   5   3  -3   1  -3  -3   2  -2  -2   2   0  -2  -2   2  -3    3   0   3   0   0  33  17   1   3   0   1  12   0   0   9   3   1   0  10   1  0.48 0.19
  223 F    -3  -4  -4  -1  -3  -3  -4  -4  -3  -1   1  -4  -2   4  -4  -3   1  10   2  -2    0   0   0   6   0   0   0   0   0   3  12   0   0  20   0   0  12  40   6   0  1.24 0.31
  224 G    -1  -3   0  -2  -3  -3  -1   5  -3  -3  -3  -3  -3   1  -1   0   0  -3   1  -1    0   0   3   0   0   0   3  60   0   0   0   0   0   8   3   4   5   0   6   6  0.70 0.22
  225 T     1   1  -2  -3   1  -2  -2  -3  -2  -1   0  -1   1   1   3   1   2   4   0   0   11  10   0   0   3   0   0   0   0   0  11   0   4   6  13  10  18   7   2   5  0.21 0.12
  226 P    -2  -4  -3  -3  -4  -3  -3   0  -4  -3  -1  -3  -3  -4   8  -2  -3  -5  -4  -2    0   0   0   0   0   0   0   8   0   0   9   0   0   0  76   0   0   0   0   3  1.79 0.37
  227 L     1   1   0  -2  -2  -1   0  -2  -2   1   1  -1  -1  -2  -2   2   3  -3  -3  -1   11   8   3   0   0   0   5   0   0  10  15   0   0   0   0  22  26   0   0   0  0.24 0.16
  228 F    -3  -4  -4  -5  -3  -4  -4  -5  -3   1   1  -4  -1   7  -5  -4  -3  -1   1   2    0   0   0   0   0   0   0   0   0   6  11   0   0  63   0   0   0   0   0  18  1.05 0.30
  229 N    -1  -2   3   2   0  -1   1  -2   3  -3  -3   0  -3  -2  -2   2   2  -3   2  -3    0   0  14  16   2   0  10   0   9   0   0   5   0   0   0  19  17   0   8   0  0.36 0.17
  230 S     2  -3  -3  -3  -2  -2  -3   1  -3   0   0  -2  -1   0   4   0  -2   5  -1   0   24   0   0   0   0   0   0  12   0   7  10   0   0   5  19   4   0  11   0   5  0.39 0.15
  231 G     1   0  -1  -2  -3   1   0   3   0  -2  -2   0  -2  -1   2   0   0  -3  -2   0   12   7   0   0   0   6   7  24   3   0   0   5   0   3  11   8   5   0   0   8  0.21 0.09
  232 L     2  -2  -2   1  -2   0   1   0   1   1   0  -1   1  -2   0   0  -1  -3  -2  -1   31   0   0  11   0   3  10   5   6  10  10   0   6   0   5   3   0   0   0   0  0.14 0.12
  233 I     1  -3  -3  -4   0  -3  -3  -3  -3   3   1  -3   2   1  -3   0  -1  -3  -1   3   14   0   0   0   2   0   0   0   0  28  10   0   7   9   0   7   0   0   0  24  0.33 0.16
  234 I     0  -1  -4  -4  -3   0  -3  -4  -3   2   3  -3   3   4  -4  -3  -2  -2   0   0   10   3   0   0   0   5   0   0   0  11  37   0   9  24   0   0   0   0   0   2  0.41 0.18
  235 T     3   0  -2  -3  -2  -2  -2   1  -2  -2  -1  -2  -2  -2   2   0   3  -3   0   0   31   5   0   0   0   0   0  11   0   0   6   0   0   0  11   0  24   0   5   6  0.30 0.17
  236 S    -1  -3  -4  -4  -3  -2  -4   0  -3   2   1  -3   8   0  -4   0  -2  -3  -3   0    5   0   0   0   0   0   0   7   0   9   8   0  59   2   0   7   0   0   0   3  0.88 0.34
  237 I    -1  -3  -4  -4   1  -3  -4  -2  -3   3   2  -3   4   1  -4  -2  -1  -3  -2   2    4   0   0   0   3   0   0   3   0  24  24   0  20   7   0   2   3   0   0  10  0.38 0.17
  238 F     2  -3  -2  -3  -2  -2  -2  -1  -3   1   0  -2   0   0   4   2   0  -3  -2   0   25   0   0   0   0   0   0   2   0  12  11   0   3   4  19  17   3   0   0   3  0.32 0.15
  239 I     3  -3  -3   0  -2  -2  -3  -3  -3   2   0  -3   3  -2  -3  -1   0  -4  -3   3   34   0   0   5   0   0   0   0   0  12   3   0   9   0   0   0   5   0   0  31  0.37 0.20
  240 T     3  -3  -2  -3  -2  -2  -2   0  -2  -1  -1  -2  -2   1  -2   2   1  -2   2   0   36   0   0   0   0   0   0   7   0   3   3   0   0   6   0  16  11   0  11   8  0.27 0.16
  241 I    -1  -4  -4  -4  -2  -3  -4  -4  -3   3   3  -4   2   4  -4  -3  -2  -2   0   2    5   0   0   0   0   0   0   0   0  29  26   0   6  22   0   0   0   0   2  11  0.50 0.18
  242 L     2  -4  -4  -4  -2  -3  -4  -4  -4   3   1  -3  -1  -2  -3  -2  -1  -4  -3   5   22   0   0   0   0   0   0   0   0  15   7   0   0   0   0   0   0   0   0  55  0.64 0.25
  243 L     2  -2   1  -2   1  -2  -2   0  -2   0   0  -2  -1  -2   0   2   2  -3  -3   0   19   0   7   0   3   0   0   5   0   5  13   0   0   0   5  24  14   0   0   6  0.19 0.12
  244 I     0  -3  -3  -3  -2  -2  -3  -3  -3   3   2  -3   4   0  -3   0   0  -3  -2   1    8   0   0   0   0   0   0   0   0  25  25   0  16   3   0  12   3   0   0   7  0.32 0.15
  245 V     0  -3  -3  -3   1  -2  -3  -3  -3   3   1  -3   2   1  -3   0   0  -3  -2   3    9   0   0   0   3   0   0   0   0  20  12   0   6   5   0  10   4   0   0  30  0.26 0.13
  246 N    -1  -2   2   1  -5   0   6   0  -2  -5  -4  -1  -4  -5  -3   0  -2  -4  -4  -4    3   0   9   3   0   0  72   8   0   0   0   0   0   0   0   4   0   0   0   0  0.98 0.32
  247 M     0  -2   0  -2   3  -2  -2  -2   4  -3  -3  -2   0  -4  -3   5   2  -4  -2  -3    6   0   4   0   8   0   0   0  13   0   0   0   4   0   0  53  12   0   0   0  0.63 0.28
  248 L    -2  -3  -3  -4  -2  -3  -3  -4  -3   4   1  -3   1  -2  -3  -2   3  -3   0   3    0   0   0   0   0   0   0   0   0  31  11   0   3   0   0   0  31   0   5  19  0.49 0.22
  249 A     0  -4  -2   1  -4  -3  -3   7  -4  -5  -5  -3  -4  -5  -4  -1  -3  -4  -5  -5    4   0   0   8   0   0   0  85   0   0   0   0   0   0   0   3   0   0   0   0  1.47 0.36
  250 S     1  -2  -1   3   2  -1  -1   0   3  -2  -2  -2   0  -3  -2   1   0  -4  -2   0   17   0   0  24   6   0   0   5  12   0   3   0   3   0   0  15   5   0   0   7  0.25 0.14
  251 M    -2  -3  -3  -3  -2   0  -3  -4  -1   3   2  -3   1   3  -3  -3  -2  -1   4   1    1   0   0   0   0   6   1   1   0  22  20   0   4  16   0   1   1   0  20   6  0.39 0.15
  252 K     0   0  -1  -2  -2  -1  -1   1   0   1   0   1   2   0  -1  -1   1  -2  -1   0    5   6   1   1   0   1   1  11   3  12  10  13   8   3   1   2  13   0   1   6  0.04 0.05
  253 V     3  -2  -2  -2   1  -1  -1   0  -2  -1   0  -1  -1  -2  -1   0   1  -2  -2   1   43   1   1   1   4   1   2   6   1   1   8   1   1   1   1   2  10   0   1  15  0.22 0.11
  254 V     0  -2  -1  -2   1  -1  -2  -2  -1   1   0  -2  -1   0  -2   1   2  -1   2   2    7   1   1   1   4   1   1   1   0   6   7   1   0   3   1   9  23   0  11  20  0.15 0.09
  255 D     1  -2  -1   1   2  -1  -1   0   1  -2  -2  -1  -2  -1  -1   3   0  -2   1   0   15   1   1  10   6   1   1   5   3   1   2   1   0   3   1  35   1   0   7   7  0.20 0.11
  256 I     0   2   0   1  -2   0  -1  -1  -1   0   0   0   0   0  -2   0  -1  -2   1   0    9  15   3  12   0   4   0   4   0   4   9   6   3   5   0   8   0   0   7  10  0.05 0.05
  257 A     3  -3  -3  -3   3  -2  -3  -2  -3   0   1  -3   1   1  -3  -1  -1  -2   1   2   31   0   0   0   8   0   0   0   0   3  10   0   4   8   0   2   0   0   7  25  0.28 0.15
  258 M     1  -1  -1   0   2  -1  -1   0  -2   0   0  -1   1  -2  -2   2   1  -3  -2   1   17   2   0   6   5   0   0   6   0   5  11   0   4   0   0  20   9   0   0  11  0.11 0.08
  259 K     1   3  -1  -2  -3  -1   0   3  -2  -3  -2   1   1  -3  -2   1  -1  -3  -3  -2   10  22   0   1   0   0   4  29   0   0   3   7   6   0   0  15   1   0   0   1  0.33 0.14
  260 K     0   2  -1   0  -2   1   0  -2  -1   0   2   2   0  -1  -2  -1  -1  -2  -1  -1    7  15   1   6   0   7   7   2   0   4  27  15   0   1   1   1   1   0   3   1  0.12 0.07
  261 F    -1  -1   0   2  -2   0   0  -1  -1   0   0  -1  -1   0   1   0   1  -2   0   0    1   1   5  14   0   3   7   3   0  10  12   1   0   5   7   8  13   0   5   4  0.07 0.05
  262 S     1   0  -1  -2   2  -1  -2  -2   0   0   0  -1   1   1   0   1   0  -2  -1   1   20   6   3   0   7   0   0   0   3   4   6   0   5   8   5  12   5   0   0  15  0.09 0.08
  263 K     0   0   1   1  -2   1   0   1  -1   0   0   0  -1  -2  -2   0   2  -3  -2  -1   10   6   7   7   0   8   3  10   0   6  13   4   0   0   0   4  18   0   0   1  0.09 0.07
  264 Q     0   2  -1  -2  -3   2   0   1   0  -2  -3   1  -1  -2   4   0  -1  -3  -2  -2    5  13   0   0   0  14   6  15   2   3   0   8   2   2  23   4   2   0   0   0  0.38 0.13
  265 P    -1   1  -2   0  -1  -1  -1   0   2  -2  -3   2  -3  -3   6  -2  -2  -4   0  -3    3   8   0   6   2   0   3   8   5   4   0  13   0   0  43   0   0   0   4   0  0.76 0.21
  266 D     0  -3   0   0  -3  -2  -1  -3  -3  -1   0  -2   1  -3   6  -1   1  -4  -3  -2    8   0   6   4   0   0   4   0   0   5  13   0   4   0  47   0   8   0   0   0  0.80 0.22
  267 G     0  -1  -2  -2  -3  -2  -2   3  -2  -3  -3  -2  -3   1   5   1   0  -3   1  -3    4   3   0   0   0   0   0  28   0   0   0   0   0   8  29  11   8   0   7   0  0.58 0.18
  268 K    -1   0   1   1  -3   0   1  -1   1  -1   0   0   0  -2   3   1  -1  -3  -1  -2    1   3  10  11   0   4   8   3   4   5  14   4   3   0  14  14   0   0   2   0  0.16 0.08
  269 H    -1  -1  -1  -2  -3  -1  -1  -1   6   0  -2   2  -2  -2  -3   1   0  -3  -1   2    3   0   0   0   0   0   0   3  31   4   1  16   0   0   0  11   5   0   0  23  0.40 0.20
  270 H     0   4  -1   1  -3  -1   0  -3   3   0   0   0  -1  -1  -3  -1  -2  -3  -2   0   12  35   0  10   0   0   6   1   9   5  11   0   0   2   0   0   0   0   0   7  0.26 0.15
  271 E     0  -2  -2  -2   3  -2  -1  -2  -2   2   2  -2   0  -1  -2   2   0  -2   0   1    5   0   0   0   7   0   4   1   0  13  22   0   0   0   0  28   3   0   5  11  0.17 0.12
  272 R    -1   4   0  -2  -3   1   0  -2  -1   2  -1   1   0  -2  -2   1  -1  -3  -2   0    3  28   5   0   0   9   3   1   0  19   3   7   3   0   0  14   1   0   0   3  0.22 0.13
  273 H     0   4   0  -2  -3  -1  -2   4   1  -3  -3   1   0  -3  -2  -1  -2  -3  -2  -3    6  28   5   1   0   0   1  37   4   1   1   7   3   0   1   3   1   0   0   1  0.48 0.16
  274 A     1   0  -1  -1  -2   0  -2   4  -2   1  -2  -2  -2  -3  -2   0  -1  -3  -3  -1   11   5   0   3   0   6   1  44   0  16   1   1   0   0   1   5   1   0   0   4  0.38 0.15
  275 G    -1  -3  -2  -3  -2  -2  -3   4  -2   1   1  -2  -1   2  -3  -2  -1  -2   1   1    1   1   1   1   0   0   1  36   0  11  13   1   0   9   1   1   3   0   7  15  0.29 0.12
  276 F    -1   1  -3  -4   0  -2  -3  -3  -3   0   3  -2   0   3  -3  -1  -2   6   0   1    3  10   0   0   2   0   0   0   0   3  33   0   0  16   0   7   0  14   0   9  0.39 0.16
  277 A     3  -2  -2  -2  -2   2   0   2  -2  -1   0  -1  -1  -2  -2   0   0   1  -2   0   30   0   0   0   0  15   3  20   0   2  10   0   0   0   0   3   5   2   0   6  0.22 0.13
  278 A    -1  -1   3   4  -3   0   3  -1  -1  -3  -2  -1  -2  -3  -2  -1   1  -3  -2  -2    5   1  15  27   0   1  28   4   0   1   4   1   0   1   1   1   8   0   1   1  0.43 0.14
  279 S    -1  -4  -2  -3  -4  -3  -3   6  -3  -4  -2  -3  -3  -1  -3   1  -3  -4  -4  -4    0   0   0   0   0   0   0  80   0   0   6   0   0   3   0  10   0   0   0   0  1.24 0.32
  280 F    -1  -3  -4  -4  -2  -3  -4  -4  -3   3   3  -3   0   3  -4  -3   0  -2  -1   2    3   0   0   0   0   0   0   0   0  23  32   0   0  19   0   0   5   0   0  17  0.45 0.17
  281 S     3  -2   1  -2   3  -2  -2   3  -2  -2  -3  -2   1  -3  -2   2   0  -3  -3  -1   27   0   6   0   8   0   0  25   0   0   0   0   5   0   0  21   3   0   0   3  0.39 0.17
  282 H    -1  -3  -2  -2   4  -2  -2   0   1   2  -2  -2  -1  -3  -3   3   3  -4  -2   1    0   0   0   0  12   0   0   6   4  13   0   0   0   0   0  27  22   0   0  15  0.33 0.18
  283 L    -1  -3  -4  -4  -2  -3  -4  -4  -4   2   4  -3   3   1  -4  -3  -2  -3  -2   2    5   0   0   0   0   0   0   0   0  10  48   0   9   6   0   0   0   0   0  20  0.51 0.18
  284 L    -1  -3  -4  -4  -2  -3  -4  -4  -4   4   4  -3   1   1  -4  -3  -2  -3  -2   1    5   0   0   0   0   0   0   0   0  29  52   0   0   5   0   0   0   0   0   6  0.60 0.21
  285 S     3  -2   1   1   1  -2  -1   3  -2  -3  -3  -2  -3  -4  -2   2   0  -4  -3  -2   31   0   6   8   3   0   2  23   0   0   0   0   0   0   0  20   5   0   0   0  0.39 0.16
  286 G     1  -3  -2  -3  -3  -3  -3   6  -3  -4  -3  -3  -3  -4  -3   1  -2  -4  -4  -1    9   0   0   0   0   0   0  70   0   0   3   0   0   0   0  12   0   0   0   5  1.01 0.28
  287 L    -1  -3  -4  -4  -2  -3  -3  -4  -3   2   4  -3   2   0   1  -1  -1   2  -2   1    3   0   0   0   0   0   0   0   0  14  51   0   4   3   7   4   3   3   0   6  0.40 0.16
  288 T     0  -3  -3  -4   2  -3  -3  -2  -3   0   2  -3   1   5  -3  -2  -1   2   0   1    9   0   0   0   5   0   0   3   0   3  21   0   3  34   0   0   4   3   0  12  0.37 0.15
  289 G     0  -3   2  -2  -3  -2  -3   6  -3  -4  -4  -2  -3  -4  -3  -1   1  -4  -4  -4    5   0  13   0   0   0   0  67   0   0   1   0   0   0   0   0  11   0   0   0  1.00 0.27
  290 A     2  -2  -1  -2  -2  -2  -2   2  -2  -1  -2  -2   0  -3  -2   2   3  -3  -3   0   20   0   0   0   0   0   0  17   0   3   1   0   3   0   0  23  26   0   0   5  0.36 0.17
  291 I    -1  -3  -2  -3   0  -2  -3   3  -3   1   0  -2  -1   2   3   0   1  -2   0  -1    2   0   0   0   3   0   0  26   0  13   7   0   0  13  15   4  14   0   3   0  0.28 0.14
  292 A     1  -3   2  -2  -3  -2  -2   0  -3  -2  -2  -2   0  -4   6  -1   1  -4  -4  -3   14   0  12   0   0   0   0   6   0   2   3   0   3   0  44   2  13   0   0   0  0.85 0.24
  293 P    -1  -2   2  -2  -3  -2  -2   4   0  -2  -1  -1   1   0   0   0   0  -2   1  -1    2   0  13   0   0   0   0  35   3   0   6   2   5   5   4   6   8   0   7   4  0.28 0.14
  294 V     0  -3   0  -2  -2  -2  -2  -3  -3  -1  -2  -2   1  -4  -3   2   6  -4  -3   0    5   0   4   0   0   0   0   0   0   2   0   0   5   0   0  17  63   0   0   4  0.78 0.31
  295 P     2  -1  -1  -2   1  -2  -2   0  -3  -2  -3  -2  -2  -4   2   3   4  -4  -3  -1   15   3   0   0   3   0   0   5   0   0   0   0   0   0   9  23  39   0   0   3  0.49 0.22
  296 I    -1  -3  -3  -4  -3  -3  -3  -3  -2   0   0  -3  -1   5  -4   1   0  -1   4   1    4   0   0   0   0   0   0   0   0   4   8   0   0  31   0  16   7   0  20  10  0.47 0.20
  297 S     2  -3  -1  -2  -2  -2  -2   2  -3  -2  -3  -2  -2  -3  -2   4   1  -4  -3   1   22   0   0   0   0   0   0  15   0   0   0   0   0   0   0  44   5   0   0  14  0.49 0.23
  298 G    -2  -1  -2  -1  -4   4   4  -1  -2  -4  -4   0  -3  -5   3   0  -2  -4  -3  -1    0   0   0   0   0  27  41   4   0   0   0   3   0   0  16   5   0   0   0   5  0.73 0.27
  299 A    -1  -3   8  -1  -4  -2  -2  -2  -2  -4  -5  -2  -4  -5  -4   0  -2  -6  -4  -1    4   0  87   0   0   0   0   0   0   0   0   0   0   0   0   5   0   0   0   5  1.56 0.44
  300 A     1  -3   2  -3  -2  -3  -3  -3  -3   4  -1  -3  -1  -2  -3  -2   1  -4  -3   3   15   0  15   0   0   0   0   0   0  38   0   0   0   0   0   0   7   0   0  26  0.45 0.22
  301 G    -2  -4  -2  -3  -5   0  -3   7   2  -6  -6  -3  -4  -5  -4  -2  -3  -4  -4  -5    0   0   0   0   0   5   0  89   5   0   0   0   0   0   0   0   0   0   0   0  1.61 0.39
  302 F     0  -3  -3  -4  -2  -3  -3  -4  -4   1   3  -1   0   0  -3  -1   1  -3  -2   3    5   0   0   0   0   0   0   0   0   5  33   3   0   4   0   5   9   0   0  36  0.36 0.17
  303 I    -2  -4  -4  -4  -2  -3  -4  -1  -4   4   4  -4   3  -1  -4  -3  -2  -3  -2   3    0   0   0   0   0   0   0   5   0  27  43   0   7   0   0   0   0   0   0  19  0.57 0.21
  304 E     3  -2   0  -2  -2   2   0   3  -2  -3  -3  -1   1  -4  -2   1   0  -4  -3  -2   34   0   3   0   0  13   4  26   0   0   0   0   5   0   0  11   5   0   0   0  0.42 0.19
  305 T    -2   0  -3  -4  -2   0  -3  -4  -3   3   3  -2   3  -1  -4  -2   0  -3  -2   2    0   5   0   0   0   5   0   0   0  20  43   0   8   0   0   2   4   0   0  13  0.43 0.18
  306 T    -2  -3  -2  -3  -3  -3  -3  -4  -4  -1  -3  -3  -3  -1  -3   0   7  -4  -3  -2    0   0   0   0   0   0   0   0   0   3   0   0   0   3   0   2  91   0   0   0  1.40 0.45
  307 K    -1   5  -2  -2  -4   1  -1   1  -2  -4  -4   5  -3  -4  -3  -2  -2  -4  -3  -4    5  34   0   0   0   7   0  13   0   0   0  41   0   0   0   0   0   0   0   0  0.76 0.27
  308 M    -1  -3   0  -1   3  -3  -3  -4  -4   2   0  -3   3  -2  -4  -2   0  -4  -3   5    3   0   5   5   8   0   0   0   0   8   5   0   9   0   0   0   3   0   0  53  0.49 0.22
  309 P     2  -2  -2  -3  -3  -2  -2   4   0  -3  -3   0  -3   1   0   0  -2  -2   3  -3   22   0   0   0   0   0   0  38   3   0   0   7   0   8   4   5   0   0  14   0  0.47 0.19
  310 S    -1  -2   3  -2  -3  -2  -2   0  -2  -4  -4  -1  -3  -4  -3   6   1  -5  -4  -3    0   0  13   0   0   0   0   5   0   0   0   2   0   0   0  72   7   0   0   0  0.91 0.34
  311 K    -2   6  -1  -3  -4   1  -2  -3  -2  -3  -3   1  -2  -4   0  -2   0  -4  -3   0    0  66   3   0   0   4   0   0   0   0   0   4   0   0   5   0   7   0   0   8  0.89 0.29
  312 K    -2   5   1  -2  -4   0  -1  -3   1  -3  -2   2  -2   0  -3  -2  -2   5   2  -3    3  47   7   0   0   4   0   0   3   0   4   9   0   3   0   0   0   9   9   0  0.62 0.22
  313 P     1  -3  -4  -4  -2  -3  -3  -3  -4   2  -1  -3  -1  -2   0  -1  -1  -4  -3   5   12   0   0   0   0   0   0   0   0   7   0   0   0   0   4   5   0   0   0  68  0.66 0.26
  314 F     0  -3  -3  -3   1  -3  -3   1  -3   3   0  -3   1   2  -3  -2  -1  -2  -1   2   10   0   0   0   3   0   0  15   0  26   6   0   5  13   0   0   0   0   0  21  0.25 0.13
  315 M     0   0  -2  -2  -3   4   0   0   2   0  -1   0   1   1  -2  -1   0  -2   1   1    5   4   0   0   0  29   3   6   7   8   0   2   4   6   0   0   5   0   6  14  0.18 0.14
  316 L    -1  -3  -3  -4   2  -3  -3   0  -2   2   2  -3   1   1  -3  -1   0   3   2   1    4   0   0   0   7   0   0   8   0  21  19   0   2   3   0   3   5   5  12  11  0.23 0.12
  317 G     2  -3  -2  -3   3  -2  -2   3  -3  -1  -2  -2  -2  -3  -3   2   0  -4  -3   1   25   0   0   0   8   0   0  23   0   3   0   0   0   0   0  21   5   0   0  15  0.37 0.17
  318 S     5   0  -2  -3   2  -2  -2   2  -3  -3  -3  -2  -3  -4  -3   1  -1  -4  -3  -2   60   5   0   0   5   0   0  19   0   0   0   0   0   0   0   9   2   0   0   0  0.65 0.26
  319 I     1  -3  -3  -4   2  -3  -3   1  -3   2   1  -3   1   0  -3  -2  -1  -3  -2   3   16   0   0   0   5   0   0  15   0  14  15   0   3   5   0   0   0   0   0  27  0.25 0.14
  320 L    -3  -4  -5  -5  -3  -4  -5  -5  -4   4   1  -4   2   6  -5  -4  -3   3   0   0    0   0   0   0   0   0   0   0   0  34  13   0   6  40   0   0   0   5   0   3  0.81 0.26
  321 V     1  -3  -4  -4   4  -3  -4  -4  -4   0   3  -3   6  -2  -4  -2  -2  -3  -3   1   17   0   0   0  11   0   0   0   0   0  32   0  30   0   0   0   0   0   0   9  0.62 0.25
  322 I    -2  -4  -4  -5  -2  -4  -4  -5  -4   5   3  -4   3   0  -4  -3  -2  -3  -2   3    0   0   0   0   0   0   0   0   0  44  25   0   9   3   0   0   0   0   0  19  0.69 0.23
  323 V     1  -3  -4  -4   2  -3  -3   0  -3   2   2  -3   0   4  -3  -2  -2  -2  -1   2   13   0   0   0   5   0   0   8   0  12  21   0   0  22   0   0   0   0   0  19  0.30 0.15
  324 I    -2  -4  -4  -5  -3  -4  -4  -5  -3   2   3  -4   2   5  -4  -3  -2  -2   0   1    3   0   0   0   0   0   0   0   0  11  36   0   6  34   0   0   0   0   0  10  0.65 0.22
  325 S     0  -3  -1  -2  -3  -2  -3   5  -3  -4  -4  -2  -3  -4  -3   4  -1  -4  -4  -1    5   0   0   0   0   0   0  52   0   0   0   0   0   0   0  39   0   0   0   5  0.89 0.29
  326 V    -1  -4  -4  -4   1  -3  -4  -4  -3   3   3  -4   3   4  -4  -3  -1  -2  -1   1    3   0   0   0   3   0   0   0   0  27  32   0   9  19   0   0   3   0   0   4  0.49 0.19
  327 I    -2  -4  -4  -4   2  -3  -4  -4  -3   3   2  -3   0   4  -4   0  -2  -2   0   2    0   0   0   0   5   0   0   0   0  18  21   0   0  28   0  10   0   0   0  18  0.44 0.19
  328 P     1  -4  -3  -3  -4  -3  -3   5  -4  -5  -5  -3  -4  -5   6  -2  -3  -5  -5  -4   10   0   0   0   0   0   0  53   0   0   0   0   0   0  37   0   0   0   0   0  1.31 0.33
  329 F     1   2  -2  -3  -4  -1  -1  -3  -2  -4  -4   6   0  -1  -3  -2  -2  -4  -3  -3   13   7   0   0   0   0   0   0   0   0   0  73   3   4   0   0   0   0   0   0  0.95 0.34
  330 F    -2  -4  -4  -4  -3  -4  -4  -4  -3   2   2  -4   1   6  -4  -3  -2  -1   0   2    3   0   0   0   0   0   0   0   0  13  17   0   3  47   0   0   0   0   0  13  0.67 0.22
  331 M     3  -3  -2  -3  -2  -2  -2   4  -3  -3  -3  -2   0  -4  -3   1   1  -4  -3  -2   35   0   0   0   0   0   0  39   0   0   0   0   4   0   0  11  12   0   0   0  0.64 0.23
  332 N     5   0   0  -3  -2   1  -2   1  -3  -3  -3  -2  -2  -4  -2   1  -1  -4  -3  -1   68   5   4   0   0   7   0   9   0   0   0   0   0   0   0   5   0   0   0   3  0.65 0.27
  333 T     0  -3  -4  -4  -2  -3  -4  -4  -3   2   3  -3   0   4  -4  -3  -1  -2  -1   1    8   0   0   0   0   0   0   0   0   8  44   0   0  23   0   0   4   0   0  12  0.50 0.19
  334 F    -2  -4  -4  -4  -3  -4  -4  -4  -3   2   2  -4   0   6  -4  -3   1  -2   0   1    2   0   0   0   0   0   0   0   0  17  20   0   0  44   0   0  10   0   0   6  0.67 0.24
  335 A     4  -2  -2  -3   2   1  -2  -2   1  -2  -3  -2  -2  -3  -2   2   2  -4  -3   0   46   0   0   0   5   6   0   0   4   0   0   0   0   0   0  14  17   0   0   8  0.44 0.22
  336 S     1  -2  -1  -2  -2  -2  -2  -1   1  -2  -3  -2   0  -4  -2   5   3  -4  -3  -1   10   0   0   0   0   0   0   2   3   2   0   0   3   0   0  56  20   0   0   2  0.62 0.27
  337 L    -3  -5  -5  -5  -3  -5  -5  -6  -5   7   2  -4   0  -2  -5  -4  -2  -4  -3   2    0   0   0   0   0   0   0   0   0  82  13   0   0   0   0   0   0   0   0   5  1.20 0.36
  338 P    -3  -5  -4  -4  -5  -4  -3  -5  -5  -5  -5  -3  -5  -6   9  -3  -3  -6  -5  -5    0   0   0   0   0   0   0   0   0   0   0   0   0   0 100   0   0   0   0   0  2.89 0.55
  339 S     1  -2   0   1  -2   1   0  -2  -2  -1   2  -1  -1  -1  -2   2   1  -3  -2  -1   11   0   5   9   0   8   3   0   0   0  31   0   0   2   0  20   9   0   0   2  0.17 0.13
  340 P     2  -4  -3  -3  -3  -3  -3  -3  -4  -1  -3  -3  -3  -1   7   0  -1  -5  -4  -1   23   0   0   0   0   0   0   0   0   5   0   0   0   3  60   5   2   0   0   3  1.33 0.33
  341 V    -2  -4  -5  -5  -3  -4  -4  -5  -5   4   0  -4   1  -2  -4  -3  -2  -4  -3   6    0   0   0   0   0   0   0   0   0  25   3   0   3   0   0   0   0   0   0  70  1.00 0.32
  342 G    -1  -3  -4  -4  -2  -3  -4  -2  -3   1   3  -3   5   2  -4  -1  -2  -2   0   1    3   0   0   0   0   0   0   4   0   7  42   0  21   8   0   5   0   0   2   9  0.45 0.19
  343 F     3  -3  -2  -3  -3  -3  -3   5  -3  -4  -4  -3  -3  -1  -3   0  -2  -4  -3  -3   32   0   0   0   0   0   0  59   0   0   0   0   0   4   0   5   0   0   0   0  0.98 0.29
  344 A     3  -3  -2  -3  -3  -3  -3   6  -3  -4  -4  -3  -4  -4  -3   1  -2  -4  -4  -3   27   0   0   0   0   0   0  62   0   0   0   0   0   0   0  11   0   0   0   0  1.05 0.30
  345 V     2  -3  -4  -4  -2  -3  -3  -3  -4   2   2  -3   4  -2  -3  -2  -1  -3  -2   3   20   0   0   0   0   0   0   0   0  10  24   0  13   0   0   0   0   0   0  33  0.46 0.20
  346 N     0  -2   0  -3  -3  -2  -2  -1   1  -1   1  -1   4   2  -3   1   1  -1   4  -1    5   0   4   0   0   0   0   5   3   0  12   3  17   9   0  12  11   0  18   0  0.23 0.16
  347 F    -2  -4  -3  -4   7  -4  -4  -1  -4   1   1  -4   1   2  -4  -2   1  -3  -2   0    0   0   0   0  36   0   0   7   0  11  13   0   5  12   0   0  12   0   0   4  0.66 0.23
  348 V    -1  -3  -3  -4  -2  -3  -3  -4  -3   2   2  -1   1   3  -3  -2   1  -2  -1   3    2   0   0   0   0   0   0   0   0   9  16   5   2  20   0   0   9   0   0  35  0.38 0.17
  349 V    -1  -3  -3  -4  -2  -3  -3  -4  -3   1   3  -3   5  -1  -3  -1   0  -3  -2   3    5   0   0   0   0   0   0   0   0   3  35   0  21   0   0   6   7   0   0  23  0.46 0.20
  350 F    -4  -4  -4  -5  -4   0  -4  -1  -2  -2  -1  -4  -2   7  -5  -4  -4   4   4  -3    0   0   0   0   0   7   0   5   0   0   2   0   0  66   0   0   0   5  14   0  1.28 0.36
  351 S     2  -3  -2  -3  -3  -3  -3   5  -3  -2  -1  -3  -2  -3  -3   1  -2  -4  -3   2   17   0   0   0   0   0   0  47   0   0   5   0   0   0   0  13   0   0   0  19  0.58 0.22
  352 A     1  -3  -2   0  -2  -2  -2   0  -3   1   0  -2   5  -2   0   2   0  -3  -1   1   10   0   0   5   0   0   0   6   0   8   7   0  24   0   5  18   6   0   2  10  0.19 0.15
  353 M     0  -3  -3  -4  -2  -3  -3  -4  -4   4   1  -3   1   0  -3   0   0  -4  -2   3    8   0   0   0   0   0   0   0   0  38   5   0   4   3   0  11   3   0   0  29  0.44 0.19
  354 G     3  -3  -2  -3  -2  -2  -2   1  -3   1   0  -2  -1  -2  -2   0   1  -3  -3   1   35   0   0   0   0   0   0  13   0  12   9   0   0   0   0   5  12   0   0  13  0.27 0.15
  355 G     3  -3  -2   0  -2  -2  -2   3  -3   0  -2  -2  -2  -3  -2   2  -1  -4  -3   1   34   0   0   5   0   0   0  23   0   9   0   0   0   0   0  17   0   0   0  12  0.36 0.18
  356 L     2  -3  -3  -3  -2  -2  -3  -3  -3   0   2  -2   0  -1  -3   2   0   3   1   2   18   0   0   0   0   0   0   0   0   0  31   0   0   0   0  22   3   5   5  16  0.28 0.17
  357 A     0  -4  -2  -3  -4  -3  -3   6  -3  -4  -5  -3  -4  -4  -3   2  -2  -4  -4  -2    4   0   0   0   0   0   0  71   0   0   0   0   0   0   0  21   0   0   0   5  1.14 0.32
  358 F    -1  -3  -4  -4  -3  -3  -4  -4  -3   3   3  -3   2   5  -4  -3  -2  -2   1   1    4   0   0   0   0   0   0   0   0  21  27   0   5  31   0   0   0   0   2   8  0.53 0.18
  359 A     0   4  -1  -2  -3  -1  -2  -2  -2  -1   1   1  -1  -3  -3   3  -1  -4  -3  -2    7  26   0   0   0   0   0   0   0   2  21   7   0   0   0  35   0   0   0   0  0.37 0.20
  360 E    -2  -1   2  -2  -3   4   0  -3  -2   2  -1   0   3  -3  -3   0   1  -3  -2   0    0   0  15   0   0  25   4   0   0  19   2   5  12   0   0   7   7   0   0   3  0.28 0.18
  361 F    -2  -3  -4  -4  -3   0  -4  -4  -3   1   3  -3   1   5  -4  -3  -2   3   0   0    3   0   0   0   0   5   0   0   0   6  44   0   3  31   0   0   0   4   0   3  0.60 0.21
  362 D    -1  -2  -1   1   5   1  -1  -2  -2   3  -1  -2  -1  -2  -2   2   0  -3  -2   0    1   1   1   9  17   7   1   1   0  26   2   1   0   1   1  20   5   0   1   5  0.24 0.12
  363 S    -2   3   4   0  -3   2   0  -2   1  -3  -3   0  -2   0  -3   1   1  -3   1  -2    0  20  28   3   0  10   3   0   3   0   0   0   0   5   0  10  11   0   5   3  0.35 0.16
  364 Y     0  -1  -1  -3   1  -2  -1  -1  -2   1   1  -1   1   2  -3  -1  -1  -1   2   1    5   4   4   0   5   0   3   5   0  11  21   3   4  12   0   6   0   0  10   7  0.09 0.07
  365 E     0   0   1   2  -2   0   0   0  -1  -1  -2   1  -1  -2   1   0   1  -3  -2   0    8   4   6  16   0   1   6   5   0   4   2  15   0   1   7   4  11   0   1  10  0.13 0.05
  366 K     0  -1  -1   3  -2   0   0  -2  -2   0   1   0   0   1  -2  -1  -1   2   0   1   10   1   1  22   0   4   4   1   0   1  22   5   0   6   1   1   1   3   3  12  0.11 0.07
  367 E     0   0   0   2  -2   0   0  -1  -1   0   0   0   1  -1   0   0   1  -2   0  -1    8   7   1  15   1   1   6   2   1   8   7   8   6   1   5   2  15   0   4   2  0.07 0.04
  368 E    -1  -1   5   1  -3  -1   1   0  -1  -3  -3   0  -2  -1  -2   1   1  -3  -2  -3    4   1  43   7   0   1  11   6   0   1   1   3   0   4   1   7   9   0   0   1  0.45 0.16
  369 S    -1  -1   2  -1  -2   3   1  -2  -1  -1  -3   0  -2  -3  -2   4   0  -3  -3  -2    1   0  13   0   0  14   6   1   0   6   1   4   0   0   0  49   4   0   0   1  0.46 0.20
  370 K     0   2   1  -2  -3  -1  -2   1  -1  -2  -1   0   0   3  -2   1  -1  -2   2  -2    9  19   8   0   0   0   0  10   0   0   4   5   4  17   0  13   3   0   8   0  0.16 0.10
  371 R    -3   7   1  -3  -5   1  -1  -1   1  -5  -4   0  -3  -4  -4  -2  -3  -4   0  -4    0  77   5   0   0   3   3   4   2   0   0   0   0   0   0   0   0   0   3   0  1.18 0.33
  372 V    -1  -2   7  -1  -3  -1   0  -2  -1  -2  -2  -2  -3  -4  -3  -1   2  -4  -3  -1    4   0  68   0   0   0   4   0   0   2   3   0   0   0   0   0  12   0   0   5  0.92 0.29
  373 R    -2   2  -3  -3  -2  -2  -2  -4  -3   2   3   1   1  -1  -3  -2  -1  -3  -2   0    0  13   0   0   0   0   0   0   0  13  47  14   2   0   0   0   4   0   0   4  0.33 0.15
  374 S    -2  -3  -3  -4   2  -3  -3  -4  -2   2   1  -3   0   6  -4  -1   0  -1   2   0    0   0   0   0   5   0   0   0   0  13  15   0   2  43   0   5   6   0   5   3  0.52 0.18
  375 I    -2  -4  -4  -4  -3  -4  -4  -5  -4   6   1  -4   2  -2  -4  -3  -2  -4  -3   2    0   0   0   0   0   0   0   0   0  76   4   0   4   0   0   0   0   0   0  12  0.98 0.29
  376 I    -1  -3  -4  -4  -2  -3  -3  -4  -4   3   3  -3   0  -1  -3  -2   1  -3  -2   3    3   0   0   0   0   0   0   0   0  20  39   0   0   0   0   0   8   0   0  28  0.49 0.18
  377 G     3  -3  -2  -2  -3  -2  -2   5  -3  -4  -4  -2  -3  -4  -3   2   1  -4  -4  -3   29   0   0   0   0   0   0  46   0   0   0   0   0   0   0  16   9   0   0   0  0.74 0.23
  378 I     0  -3  -4  -4   2  -3  -4  -4  -3   2   1  -3   0   4  -4  -2  -1  -2   0   3    9   0   0   0   5   0   0   0   0  12  13   0   0  30   0   2   4   0   0  25  0.40 0.16
  379 S    -1  -3  -1  -2  -3  -2  -2  -2  -3   1  -3  -2  -3  -4   1   6   1  -5  -3   0    0   0   0   0   0   0   0   0   0   9   0   0   0   0   5  77   4   0   0   5  0.83 0.33
  380 L    -2  -3  -4  -5  -3  -3  -4  -5  -4   3   4  -4   5   2  -4  -3  -2  -3  -2   1    0   0   0   0   0   0   0   0   0  19  46   0  19   8   0   0   0   0   0   8  0.65 0.21
  381 L     0  -4  -3  -4  -3  -3  -4   1  -3   0   0  -3  -1   6  -4  -1   0  -1   0   1   11   0   0   0   0   0   0  11   0   3   4   0   0  49   0   2   8   0   0  10  0.54 0.21
  382 T    -2  -3  -4  -4  -2  -3  -4  -4  -3   2   3  -3   4   3  -4  -3   0  -2  -1   2    0   0   0   0   0   0   0   0   0  11  38   0  15  17   0   0   4   0   0  14  0.52 0.18
  383 G     1  -4  -2  -3  -4  -3  -3   7  -4  -5  -5  -3  -4  -5  -4   0  -3  -4  -5  -4   12   0   0   0   0   0   0  83   0   0   0   0   0   0   0   5   0   0   0   0  1.42 0.33
  384 V    -1  -3  -4  -5  -2  -3  -4  -4  -4   3   4  -3   3  -1  -4  -3  -2  -3   0   2    4   0   0   0   0   0   0   0   0  22  51   0   9   0   0   0   0   0   3  11  0.59 0.20
  385 G     0  -3  -1  -2  -3  -2  -1   4  -3  -3  -3  -2  -1   0  -3   3   1  -3  -3  -2    3   0   0   0   0   0   4  43   0   0   0   0   2   5   0  32   8   0   0   3  0.57 0.21
  386 I     1  -3  -1  -3  -2  -2  -3   1  -3   3   1  -2   0  -2  -1  -1  -1  -3  -2   2   19   0   3   0   0   0   0  12   0  28  15   0   0   0   3   0   0   0   0  17  0.23 0.12
  387 M     0  -2  -2  -1  -2  -1  -1  -2  -1  -1  -1  -2   3   0   2   1   2  -1   3  -1   10   0   0   4   0   0   4   1   0   3   1   0  15   2  12  10  17   0  17   0  0.25 0.14
  388 F     0  -2  -2  -3  -2   0  -2  -3  -1  -1   0  -1  -1   5  -2   0   0  -1   3   1    6   1   0   1   0   6   1   1   0   1  10   4   0  33   1  11   6   0   9  10  0.25 0.12
  389 V    -1   0   1  -1  -2   0  -2  -3  -1   1   1  -1   0   0  -3  -1  -1  -2   2   2    5   5  11   4   0   7   0   1   0   4  19   0   0   2   0   1   3   0  10  28  0.11 0.09
  390 P    -1  -1   0   0  -3   1   0  -3  -2  -3  -1   0  -2   1   6  -1  -2  -3  -2  -2    3   3   4   4   0   9   7   1   0   0   6   3   0   7  46   4   0   0   0   3  0.76 0.18
  391 E    -1   0   0   2  -3  -1   1   0   2  -1  -1   0  -2  -1   2   0   0  -2   3  -1    3   6   3  14   0   0   9   9   6   4   4   2   0   0   9   5   4   0  15   4  0.13 0.06
  392 T     0  -2  -1  -1  -2  -1   0  -1  -2   2   0  -1  -1  -1  -2   0   3   4  -1   1    8   1   0   4   0   0   5   4   0  16   6   4   0   3   1   4  26   8   0   9  0.16 0.09
  393 A     1  -1  -1  -1  -1  -1  -1   1  -1   0  -1  -1   0   2  -1   0   0  -1   3   0   19   2   1   4   1   1   2  13   1   5   3   2   3  15   2   7   4   0  12   5  0.11 0.05
  394 L     0  -1  -1  -3  -2  -2  -2  -3  -2   2   2  -2   1   3  -2  -2  -1   3   2   0    9   3   4   1   0   1   1   1   0  17  24   1   3  18   1   1   1   5   6   3  0.20 0.09
  395 K     0   0   1  -1  -2   2   2  -2   1  -2  -2   2  -1  -1  -1   1   1  -2  -2  -1    5   3   5   1   0  13  13   1   3   1   3  21   0   3   1  14   8   0   0   5  0.19 0.08
  396 G    -1  -2   0   1  -3   0   0   4   0  -1  -2   0  -2   0   0   0  -1  -3  -2  -2    3   1   3  11   0   6   4  36   2   4   4   5   0   7   5   3   2   0   0   1  0.25 0.09
  397 L    -1  -1  -3  -3  -2  -2  -3  -3  -2   1   3  -1   1   3  -1  -2  -2  -1   3   0    4   3   0   1   0   0   1   1   0   7  36   4   3  15   3   1   1   0  16   4  0.28 0.11
  398 H     0  -2   0   2  -3   0   0   2   2  -3  -2  -1  -2  -3   4   0  -1  -3  -2  -3    8   1   4  12   0   4   7  21   7   1   5   1   0   0  26   3   1   0   0   1  0.44 0.12
  399 P     0  -2   0   1  -2   1   1  -1  -2  -1   0  -1   0  -2   4   0  -1  -3   0  -1    8   1   4   7   0   7  11   3   0   1  13   1   4   0  26   3   1   0   3   5  0.32 0.10
  400 V     2  -3  -3  -3  -2  -2  -2  -2  -3   2   1  -2   1  -2  -2   0   1   2  -2   3   20   0   0   0   0   0   0   1   0   8   8   0   3   0   0   4  11   4   0  38  0.27 0.13
  401 F    -1   0  -3  -3  -2  -1  -2  -4   2   2   3  -2   2   1  -3  -1  -2  -3  -1   1    3   7   0   0   0   4   0   0   8  17  41   0   6   5   0   6   0   0   0   4  0.27 0.13
  402 I     0   1   2   0  -3   1   0   1   1   0  -2   0  -2  -2  -2   0   2  -3   0  -1    4  11  11   3   0   6   4  12   4   9   0   4   0   0   0   6  23   0   4   0  0.16 0.10
  403 S    -1  -2   1  -2  -2  -2  -2   0   0   0   1  -2   0  -2   2   1   1  -3  -2   2    0   0   8   0   0   0   0   9   3   0  14   0   3   0   9  16  13   0   0  24  0.15 0.11
  404 L    -1  -3  -4  -4  -2  -3  -4  -4  -4   3   4  -3   1   2  -4  -2  -2  -3  -1   2    3   0   0   0   0   0   0   0   0  19  52   0   0  12   0   3   0   0   0  12  0.53 0.18
  405 L    -1  -3  -3  -4  -2   0  -3  -4  -3   0   3  -3   2   3  -3  -1   0  -2  -1   1    3   0   0   0   0   7   0   0   0   0  44   0   4  17   0   4   8   0   0  13  0.35 0.15
  406 S     0  -2  -1  -1  -2  -1   1   0   0  -1   0  -1   1  -3   0   3   2  -3  -2  -1    6   0   0   0   0   0  12   7   3   3   9   0   6   0   3  29  19   0   0   4  0.20 0.12
  407 N    -1  -2   3   0  -3   0  -1   0  -2  -1  -3   0   0  -1  -2   3   2  -4  -2  -2    0   0  21   3   0   5   0   5   0   4   0   4   3   3   0  35  18   0   0   0  0.37 0.17
  408 G     1  -3   0  -2  -3  -2   0   5   0  -4  -4  -1  -3  -4   2   0  -2  -4  -4  -4   12   0   3   0   0   0   6  58   3   0   0   3   0   0  12   4   0   0   0   0  0.77 0.20
  409 L     0  -3  -4  -4  -2  -3  -3  -4  -3   4   2  -3   5   2  -1  -2   0  -3  -2   1    9   0   0   0   0   0   0   0   0  34  15   0  22   8   3   0   6   0   0   3  0.40 0.17
  410 V     1  -3  -2  -3   1  -2  -2  -1  -3   0   0  -2   1   3  -3   1   1  -2  -1   1   19   0   0   0   4   0   0   5   0   3   9   0   6  19   0  11   9   0   0  15  0.16 0.10
  411 L     1  -3  -3  -4  -2  -3  -3  -4  -4   2   2  -3   0  -1  -3  -2   1  -3  -2   4   11   0   0   0   0   0   0   0   0  11  28   0   0   0   0   0  11   0   0  39  0.41 0.16
  412 G     3  -3   0  -2   2  -2  -3   5  -3  -4  -4  -2  -3  -4  -3   1   0  -4  -4  -3   28   0   3   0   4   0   0  54   0   0   0   0   0   0   0   6   4   0   0   0  0.76 0.20
  413 T     2  -3  -2  -2  -2  -2  -2   3  -3   0  -1  -2  -2  -1  -2   1   2  -3  -2   0   23   0   0   0   0   0   0  28   0   9   3   0   0   4   0   9  20   0   0   3  0.31 0.13
  414 L    -2  -4  -4  -5   4  -4  -4  -5  -4   4   3  -4   1   3  -4  -3  -2  -2  -1   0    0   0   0   0  12   0   0   0   0  39  30   0   3  17   0   0   0   0   0   0  0.60 0.19
  415 A     1  -2  -2  -3  -2  -2  -2  -1  -3   2   1  -2   1  -2  -2   0   2  -3  -2   2   12   0   0   0   0   0   0   5   0  11  19   0   4   0   0   9  20   0   0  20  0.19 0.10
  416 A     6  -3  -3  -3  -2  -2  -2   2  -3  -3  -3  -2  -3  -4  -2   1  -1  -4  -3  -2   83   0   0   0   0   0   0  13   0   0   0   0   0   0   0   4   0   0   0   0  0.90 0.28
  417 I    -2  -4  -4  -4  -2  -4  -4  -4  -4   4   1  -4   2   4  -4  -3  -1  -2   0   3    0   0   0   0   0   0   0   0   0  38   3   0   4  24   0   0   3   0   0  28  0.57 0.18
  418 A     0  -3  -4  -4  -2  -3  -4  -4  -4   4   3  -3   0   3  -4  -3  -2  -2  -1   2    9   0   0   0   0   0   0   0   0  31  32   0   0  14   0   0   0   0   0  15  0.44 0.15
  419 A    -1  -3  -5  -5  -3  -3  -4  -5  -4   0   5  -4   3  -1  -4  -3  -2  -3  -2   0    5   0   0   0   0   0   0   0   0   0  86   0   9   0   0   0   0   0   0   0  0.91 0.26
  420 D    -3  -2   6   5  -5  -1   1  -2   1  -5  -5  -2  -4  -5  -3  -1  -2  -5  -4  -5    0   0  47  44   0   0   5   0   3   0   0   0   0   0   0   0   0   0   0   0  1.13 0.28
  421 Q     1  -2   4  -1  -2   0  -2  -2  -2   1   2  -2  -1  -2  -3  -1   0  -4  -2   0   17   0  37   0   0   6   0   0   0   8  25   0   0   0   0   0   4   0   0   4  0.29 0.15
  422 F    -2  -3  -3  -3  -2  -3  -3  -4  -3   3   1  -3   0   3  -3  -1   3  -2  -1   2    0   0   0   0   0   0   0   0   0  26  12   0   0  16   0   0  35   0   0  11  0.40 0.16
  423 Q    -2  -3  -3  -4  -2   0  -1  -4  -3   2   3  -3   2   3  -3  -3  -2  -2   1   2    0   0   0   0   0   6   4   0   0  18  35   0   8  15   0   0   0   0   3  11  0.34 0.12
  424 L    -2  -3  -3  -2  -4   0   1  -3  -3  -4  -2  -2  -3  -4   7   1  -2  -5  -4  -3    0   0   0   0   0   4   8   0   0   0   6   0   0   0  68  14   0   0   0   0  1.46 0.26
  425 W     1  -2  -2  -2  -2  -2  -2   2  -2  -2  -1   0  -2  -1   3  -1   0   6   1  -1   12   0   0   0   0   0   0  20   0   0   6   7   0   0  18   0   6  16   6   6  0.41 0.09
  426 R     0   3  -1   0  -3   1   3  -2  -1  -3  -3   2  -2  -3  -2   1   1  -3  -2  -2    7  24   0   0   0   0  33   0   0   0   1  12   0   0   0   7  14   0   0   0  0.38 0.10
  427 R    -1   3   0   2  -4   3   0  -2   2  -4  -3   3  -2  -4   1   0  -1  -3  -2  -3    0  24   0  13   0  22   0   0   6   0   0  23   0   0   6   7   0   0   0   0  0.44 0.10
  428 R     1   1   1  -1  -2   3   0  -2  -1   0   0   1   1  -2   1   0  -1  -3  -2  -1   13   8   7   0   0  21   0   0   0   9   9  13   7   0   6   6   0   0   0   0  0.15 0.06
  429 K     0   0   1   0  -3   1   4  -2  -1  -4  -3   3  -2  -4  -2   1  -1  -4  -3  -3    7   0   8   0   0   0  46   0   0   0   0  32   0   0   0   8   0   0   0   0  0.51 0.11
  430 S     1  -1   0   2  -2   0   2  -2  -1  -1  -2   1  -1   1  -2   2   0  -3  -1   0   10   0   0  12   0   0  20   0   0   0   0  12   0  11   0  24   0   0   0  12  0.16 0.04
  431 D     0  -1   0   4  -3   0   4  -2  -1  -2  -1   0  -2  -3  -2  -1  -1  -4  -3  -2   10   0   0  37   0   0  42   0   0   0  10   0   0   0   0   0   0   0   0   0  0.51 0.07
  432 N    -1  -1   5   3  -3   2   0  -1   0  -3  -3   0  -2  -3  -2   0   1  -4  -2  -3    0   0  54  15   0  16   0   0   0   0   0   0   0   0   0   0  15   0   0   0  0.50 0.04
  433 L     2  -2  -3  -3  -1  -2  -2  -2  -3   2   3  -2   3  -1  -2  -1  -1  -2  -2   1   31   0   0   0   0   0   0   0   0  15  37   0  17   0   0   0   0   0   0   0  0.22 0.03
  434 V    -1  -1  -1   2  -2   2   0  -3   0   0  -1  -1  -1   3  -2  -1  -1   0   3   1    0   0   0  18   0  21   0   0   0   0   0   0   0  17   0   0   0   0  20  24  0.18 0.02
  435 S     0   0   0   3  -2   3   2  -1  -1  -3  -3   0  -2  -3  -1   2   2  -3  -2  -2    0   0   0  20   0  21  17   0   0   0   0   0   0   0   0  24  18   0   0   0  0.36 0.02
  436 T     0  -1   0   0  -2   1   3  -2  -1  -2  -2   0  -1  -3  -1   2   3  -3  -2  -1    0   0   0   0   0   0  38   0   0   0   0   0   0   0   0  18  45   0   0   0  0.39 0.03
  437 E    -1   0   2   1  -4   2   5  -2   0  -4  -3   0  -2  -4  -2   0  -1  -3  -2  -3    0   0  17   0   0   0  83   0   0   0   0   0   0   0   0   0   0   0   0   0  0.70 0.04
  438 N    -1   1   3   0  -3   4   1  -1   0  -3  -3   3  -1  -3  -2   0  -1  -3  -2  -3    0   0  30   0   0  43   0   0   0   0   0  27   0   0   0   0   0   0   0   0  0.46 0.02
  439 K    -1   2   0  -1  -3   1   0  -2   5  -3  -3   4  -2  -3  -2  -1  -1  -3   0  -3    0   0   0   0   0   0   0   0  33   0   0  67   0   0   0   0   0   0   0   0  0.47 0.02
  440 H    -2   0   1  -1  -3   0   0  -2   8  -4  -3  -1  -2  -1  -2  -1  -2  -3   2  -3    0   0   0   0   0   0   0   0 100   0   0   0   0   0   0   0   0   0   0   0  0.87 0.01

                      K         Lambda
Standard Ungapped    0.1418     0.3277
Standard Gapped      0.0400     0.2670
PSI Ungapped         0.1308     0.3176
PSI Gapped           0.0400     0.2670
