
Last position-specific scoring matrix computed, weighted observed percentages rounded down, information per position, and relative weight of gapless real matches to pseudocounts
            A   R   N   D   C   Q   E   G   H   I   L   K   M   F   P   S   T   W   Y   V   A   R   N   D   C   Q   E   G   H   I   L   K   M   F   P   S   T   W   Y   V
    1 M    -4  -5  -5  -6  -5  -4  -5  -6  -5  -2  -1  -5  11  -3  -6  -5  -4  -5  -4  -2    0   0   0   0   0   0   0   0   0   0   0   0 100   0   0   0   0   0   0   0  2.88 0.72
    2 L    -1  -1  -1  -1  -3   0  -1  -1  -3   1   2  -2   3   0   2  -1  -1  -3  -2   0    5   2   3   4   0   4   4   6   0   7  29   1  11   5   9   2   3   0   0   6  0.13 0.10
    3 G     1  -2   0   0  -1  -2   0   2  -2  -2  -3  -2  -3  -3   0   3   2   3  -1  -2    9   1   2   3   1   0   7  13   0   2   0   0   0   0   4  36  14   5   3   1  0.36 0.20
    4 A     1  -2  -2  -2  -2  -2   1  -2  -3   0   0  -1  -1   2   1   0   1  -3  -1   1   15   0   1   0   0   0  13   2   0   4  10   1   1  14   6   7  11   0   0  15  0.14 0.13
    5 M     0  -3  -4  -4  -3  -3  -3  -2   2   2   3  -3   1   0   1  -2   0  -3  -2   2    8   0   0   0   0   0   0   3   6  10  42   0   3   4   6   0   6   0   0  13  0.34 0.18
    6 E    -2   2  -1   1  -3   1   2  -3   1  -2  -1   0  -1  -2   1   0   1  -3   2  -2    0  11   0  10   0   7  18   1   4   0   9   5   1   0   6   8   8   0   9   2  0.20 0.13
    7 G     0  -2   1   0  -1  -2  -2   2  -3   2   0  -1  -1  -3  -3   2   0   1  -3   0    6   0   7   5   1   0   0  16   0  19   8   4   0   0   0  21   3   2   0   7  0.16 0.14
    8 V    -3  -4  -4  -5  -3  -4  -5  -5  -4   5   1  -4   1   4  -5  -2   2  -3  -2   1    1   0   0   0   0   0   0   0   0  43   8   0   2  21   0   1  18   0   0   6  0.76 0.32
    9 L    -1  -4  -5  -5   0  -4  -5  -5  -1   0   3  -4   0   6  -5  -2  -3   0   3   0    5   0   0   0   2   0   0   0   1   2  25   0   1  45   0   4   0   1  10   4  0.87 0.33
   10 L    -1  -3  -3  -4  -3  -3  -4  -3  -4   3   3  -3   3   2   1   1   2  -3  -2  -1    3   0   0   0   0   0   0   1   0  18  29   0  11   8   7  11  14   0   0   0  0.38 0.23
   11 S    -1  -4  -4  -5   1  -4  -4  -5  -4   5   2  -4   0   3  -4  -1   0  -3  -2   2    5   0   0   0   3   0   0   0   0  39  15   0   1  12   0   7   4   0   0  13  0.55 0.25
   12 V     0  -4  -5  -5  -3  -4  -5  -5  -5   5   3  -4   1   0  -4  -3  -1  -4  -3   3    6   0   0   0   0   0   0   0   0  34  29   0   2   3   0   0   3   0   0  24  0.70 0.28
   13 A     1  -3  -3  -4  -2  -3  -3  -3  -3   2   1  -3   2   3  -4   1  -1  -2   2   2   15   0   0   0   1   0   1   0   0  13  12   0   5  15   0  14   1   0   9  15  0.30 0.19
   14 T    -1  -4  -3  -4   1  -3  -3  -1  -2   3   1  -3   1   0  -4   0   1  -3   0   3    4   0   0   0   3   0   0   4   1  17  13   0   3   4   0   7  12   0   3  30  0.31 0.19
   15 S     0  -4  -4  -4  -1  -3  -4  -1  -4   3   2  -3   1   0  -4   0   0  -4  -2   3    9   0   0   0   1   0   0   5   0  18  16   0   3   4   0   7   6   0   0  31  0.36 0.20
   16 E    -2  -3  -3  -1  -2   3   6  -3  -3   0  -1  -1  -3  -3  -4  -2  -2  -5  -4  -2    2   0   0   1   1  14  58   1   0   7   8   1   0   1   0   2   2   0   0   2  0.89 0.40
   17 A     0  -4  -1  -3   3  -4  -4  -4  -4   1  -1  -4  -2   7  -5   2  -1  -2   0  -2    7   0   3   1   7   0   0   0   0   7   5   0   0  48   0  16   3   0   1   1  0.82 0.36
   18 L    -1  -4  -4  -5  -3  -4  -4  -1  -4   4   2  -4   0   1  -4  -3   0  -4  -2   3    5   0   0   0   0   0   0   5   0  29  24   0   1   6   0   1   5   0   0  24  0.52 0.24
   19 L    -1  -4  -5  -5  -3  -4  -4  -5  -5   4   3  -4   0   1  -4  -3   1   4  -2   3    4   0   0   0   0   0   0   0   0  28  25   0   1   4   0   0   8   6   0  23  0.62 0.27
   20 G     0  -5  -3  -4  -5  -5  -5   7  -5  -1  -6  -4  -5  -6  -5  -2  -4  -6  -6  -5    6   0   0   0   0   0   0  87   0   4   0   0   0   0   0   2   0   0   0   0  1.87 0.56
   21 I    -1  -4   3  -4  -1  -4  -4  -4  -4   5   0  -4   2  -1  -4  -3   0   1  -3   2    5   0  20   0   1   0   0   0   0  44   5   0   6   3   0   0   5   2   0  10  0.64 0.32
   22 V    -1  -4  -5  -6   0  -4  -5  -5  -5   3   5  -5   1   3  -5  -4  -3   0  -2   1    4   0   0   0   2   0   0   0   0  14  54   0   2  14   0   0   0   1   0   9  0.78 0.32
   23 G     3  -4  -3  -4  -4   1  -3   5  -4  -4  -4  -3   0  -5  -4   0   0  -5  -5  -2   24   0   0   0   0   9   0  50   0   0   0   0   2   0   0   6   7   0   0   2  0.89 0.37
   24 N    -5  -4   9  -1  -6  -3  -4  -4  -1  -7  -7  -4  -6  -7  -5   1  -3  -7  -6  -6    0   0  90   1   0   0   0   0   1   0   0   0   0   0   0   8   0   0   0   0  2.32 0.71
   25 T     0  -5  -3  -4   2  -4  -4   6  -4  -3  -2  -4  -4  -3  -4   0   0  -5  -5   0    7   0   0   0   4   0   0  64   0   1   4   0   0   1   0   7   5   0   0   8  1.05 0.39
   26 F    -5  -6  -6  -7  -5  -6  -6  -6  -4   0   0  -6  -3   9  -7  -5  -2  -2   1  -2    0   0   0   0   0   0   0   0   0   6   5   0   0  81   0   0   3   0   3   2  2.03 0.60
   27 I    -4  -6  -6  -6  -4  -5  -6  -6  -6   7   1  -5   2  -3  -5  -1  -1  -5  -4   0    0   0   0   0   0   0   0   0   0  78   8   0   4   0   0   5   3   0   0   2  1.46 0.51
   28 A     3  -4  -4  -4  -3  -3  -3   0  -4   2   0  -3   1  -1  -4  -2   1  -4  -3   4   27   0   0   0   0   0   1   7   0  10   5   0   4   2   0   1  10   0   0  33  0.45 0.26
   29 L     1  -4  -5  -5   1  -4  -4  -5  -1   1   4  -4  -1  -2  -4  -3  -1  -4   1   2   11   0   0   0   3   0   0   0   1   4  54   0   0   0   0   1   3   0   5  16  0.64 0.31
   30 V     0  -5  -5  -6  -3  -5  -5  -5  -5   2  -2  -3   1   0  -5  -3  -2   1  -3   6    7   0   0   0   0   0   0   0   0  10   0   2   3   4   0   1   1   2   0  69  1.08 0.43
   31 N    -4  -3   7  -2  -5  -3  -3  -4   2  -2   1  -3  -3   0  -5  -1  -2  -5   2  -3    0   0  60   0   0   0   0   0   5   2  17   0   0   5   0   3   1   0   6   1  1.13 0.46
   32 C     0  -4  -1  -4   7  -4  -4   3  -4   1  -1  -4  -3   3  -4   0  -3   1   0  -2    6   0   3   0  27   0   0  22   0   9   5   0   0  14   0   8   0   2   2   2  0.65 0.30
   33 M    -1   2  -3  -4  -3  -1  -3  -4  -4   4   0   0   5  -3  -4  -1   0   4  -3   0    3  15   0   0   0   2   0   0   0  29   5   7  16   0   0   6   7   5   0   5  0.45 0.27
   34 D    -2  -3  -1   6  -5  -2   4  -3   0  -2  -5  -1  -4  -5  -1  -1   0  -6  -3  -4    2   0   1  45   0   0  29   1   2   3   0   2   0   0   2   4   6   0   1   0  0.96 0.39
   35 C    -5  -6  -7  -8   4  -6  -6  -2  -5  -5   0  -6  -2  -3  -7  -6  -5  12   3  -2    0   0   0   0   8   0   0   3   0   0  11   0   1   0   0   0   0  66   7   4  2.82 0.73
   36 T     0  -4  -3  -4  -3  -4  -4  -4  -4   3   1  -4   2   2  -4  -3  -1  -4  -1   5    7   0   1   0   0   0   0   0   0  20  11   0   6   8   0   0   2   0   1  42  0.60 0.27
   37 R    -3   3   0  -3  -4   1  -1  -4   0  -2  -1   6   0  -4  -3  -1  -1  -1  -3  -3    0  18   3   0   0   7   0   0   2   2   6  50   2   0   0   3   4   1   0   0  0.76 0.33
   38 N    -2   5   3  -2  -1  -1  -2   0   1  -3  -4   3  -3  -1  -3   1  -1   1  -1  -3    0  34  14   0   1   1   0   6   3   2   0  16   0   2   0  10   3   2   2   1  0.50 0.25
   39 K    -3   5  -2  -3  -5   4  -2   0   3  -5  -5   4  -4  -2  -4  -3  -3  -5  -3  -5    0  36   1   0   0  18   0   7   6   0   0  28   0   2   0   0   0   0   0   0  0.97 0.40
   40 N    -1   3  -1  -2  -5  -1  -1  -3  -3  -3  -4   6   1  -5   0  -1   0  -5  -4  -4    3  17   2   1   0   1   2   2   0   1   0  54   3   0   5   2   6   0   0   0  0.87 0.38
   41 L    -3  -4  -5  -5  -3  -4  -5  -6  -5   5   4  -4   3   0  -5  -1  -3   1  -3   1    0   0   0   0   0   0   0   0   0  32  42   0   9   3   0   5   0   2   0   7  0.83 0.34
   42 Y     1  -1  -1  -3  -4  -3  -3  -3  -3  -4  -1  -3  -1   0   1   6   1  -5  -3  -4    8   3   2   0   0   0   0   0   0   0   8   0   2   4   6  61   5   0   1   0  0.77 0.41
   43 N     0  -3   1  -3  -3  -2  -3  -3  -3  -2   1  -1  -1   0   4   3   2  -4  -3  -2    9   0   6   0   0   0   0   0   0   2  15   3   1   5  19  27  14   0   0   0  0.44 0.26
   44 I     1  -3  -3  -4   2  -3  -3  -1  -1   2   0  -3  -1  -2  -2   1   1  -4   0   3   14   0   0   0   5   0   0   5   2  13   9   0   1   0   1  13   7   0   3  28  0.27 0.19
   45 G    -4  -4   3   7  -6  -3   0   1  -4  -6  -7  -3  -6  -6  -4  -3  -2  -7  -6  -6    0   0  15  69   0   0   4  10   0   0   0   0   0   0   0   0   2   0   0   0  1.60 0.53
   46 F    -3   2  -2  -3   1   3  -2  -3  -1   0   1   2   3   3  -4  -3  -2   0   0   0    0  10   1   0   3  21   0   1   1   4  13  12  10  14   0   0   1   1   2   6  0.32 0.23
   47 I    -2  -6  -6  -6  -4  -5  -6  -6  -6   7   2  -5  -1   1  -6  -5  -3  -5  -4   1    2   0   0   0   0   0   0   0   0  75  15   0   0   5   0   0   1   0   0   3  1.44 0.49
   48 L    -4  -4  -6  -6  -4  -3  -5  -6  -5   2   6  -5   4  -1  -5  -5  -4  -4  -1   0    0   1   0   0   0   1   0   0   0   9  73   0   9   1   0   0   0   0   2   5  1.15 0.42
   49 T     0  -4  -3  -4  -3  -3  -4  -4  -4   2   2  -3   0   1  -4   0   4  -4  -3   0    6   0   0   0   0   0   0   0   0  15  21   0   2   7   0   8  36   0   0   4  0.52 0.29
   50 G     2  -3   1  -3   5  -3  -3   1   1  -2  -2  -3   0   0  -3   3   0  -4  -3  -2   22   0   7   0  16   0   0  11   3   1   2   0   3   4   0  24   4   0   0   2  0.44 0.26
   51 L    -5  -5  -7  -7  -4  -5  -6  -7  -6  -1   7  -6  -1  -3  -6  -6  -4  -5  -4  -2    0   0   0   0   0   0   0   0   0   1  98   0   0   0   0   0   0   0   0   1  1.82 0.59
   52 A     6  -3  -4  -4  -3  -3  -4   2  -4  -4  -4  -3  -4  -5  -4   2  -3  -5  -5  -1   72   1   0   0   0   0   0  12   0   0   0   0   0   0   0  12   0   0   0   3  1.16 0.48
   53 I     0  -5  -5  -5  -3  -4  -5  -3  -5   6   1  -4   0   1  -4  -2   0  -4  -3   2    9   0   0   0   0   0   0   2   0  51   8   0   1   6   0   2   6   0   0  14  0.73 0.32
   54 S     0  -4  -3  -3   2  -3  -3  -3  -4  -5  -4  -3  -4   0  -3   7   2  -5  -4  -4    4   0   0   0   4   0   0   0   0   0   1   0   0   4   0  78   9   0   0   0  1.34 0.56
   55 R    -5   8   0   0  -7  -2  -3  -5   1  -6  -6  -1  -5  -6  -5  -4  -1  -6  -5  -6    0  86   3   5   0   0   0   0   3   0   0   0   0   0   0   0   3   0   0   0  1.99 0.64
   56 I    -4  -5  -5  -6  -4  -5  -5  -6  -5   6   1  -5  -1   5  -5  -2  -2  -3  -1   1    0   0   0   0   0   0   0   0   0  46  12   0   1  29   0   3   2   0   0   7  1.02 0.39
   57 C    -1  -4  -4  -3   7  -4  -4   2  -4   0   1  -4   1   4  -4  -1  -2  -3   0  -1    5   0   0   2  24   0   0  17   0   6  13   0   3  18   0   4   2   0   3   3  0.55 0.26
   58 L    -4  -4  -5  -6  -4   0  -5  -6  -1   0   5  -4   2   2  -4  -4  -1  -4   0   0    0   0   0   0   0   4   0   0   1   1  69   0   4   8   1   0   3   0   2   6  0.93 0.38
   59 V    -3  -3  -4  -4  -4   5  -2  -5   3   3   3  -3  -1  -3  -4  -3  -1  -4  -3   1    1   0   0   0   0  30   0   0   7  16  34   0   0   0   0   0   2   0   0  10  0.69 0.36
   60 W    -3  -5  -5  -6   5  -5  -5   1  -5   0   1  -5  -3   0  -6   0  -4  10  -2  -4    1   0   0   0  12   0   0  12   0   5  16   0   0   4   0   9   0  40   0   0  1.47 0.49
   61 I    -1  -4  -4  -4  -1  -3  -1  -4  -4   3   2  -3  -1   2  -4   0   1   3  -2   3    4   0   0   0   1   0   6   0   0  17  18   0   0   9   0   7  10   4   0  25  0.34 0.20
   62 L    -1  -4  -4  -5  -3  -3  -4  -2  -4   4   2  -2   4   0  -4  -1  -1  -4  -3   2    5   0   0   0   0   0   0   4   0  33  22   3  14   4   0   4   3   0   0  10  0.50 0.25
   63 I    -3  -4  -5  -5  -3  -4  -4  -2  -4   3   3  -4   4   3   0  -3  -1  -3  -1   0    0   0   0   0   0   0   0   3   0  16  37   0  13  16   5   2   3   0   1   3  0.58 0.28
   64 T    -1  -4  -4  -4  -3  -3  -4   0  -4   2   3  -4   1   2  -4  -2   1  -3   0   2    3   0   0   0   0   0   0   8   0  12  36   0   2   9   0   1  11   0   3  13  0.37 0.21
   65 E    -1   0   3   3   0   0   1  -1   1  -2  -3   0  -2  -3   0   1  -1  -4   0  -1    2   5  19  21   2   3   7   4   4   3   1   5   1   1   3  10   1   0   3   5  0.28 0.16
   66 A     1  -3   3  -2   0  -1  -3   0  -3   0  -1  -3  -1   0  -4   0   0   8  -2  -1   11   0  17   1   2   3   0   8   0   8   7   0   1   4   0   8   7  21   0   3  0.50 0.25
   67 Y    -2  -4  -3  -1   1  -3  -3  -3   0   2   1  -4  -1   4  -3  -1   1   2   3   1    1   0   0   5   4   0   0   1   2  16  12   0   0  22   1   3   9   3  13   8  0.37 0.21
   68 I     0  -3  -3  -4   1   0  -3  -2  -2   2   2  -1   1   0  -4   0  -1  -2   4   1    7   0   0   0   3   5   0   2   0  16  19   4   4   2   0   8   3   0  18  10  0.25 0.18
   69 K     0  -2   0  -2  -2   0  -2  -2   0   1   0   0  -1   1  -3   2   1  -3   1   1    9   1   4   2   0   5   0   1   2   8   7   5   1   8   0  20  11   0   7  11  0.12 0.13
   70 I     0  -3  -3  -3  -1  -2  -1  -1  -3   1   1  -2   1   2  -3   0   0  -2   1   2    8   0   0   0   1   1   4   3   0   8  15   1   4  13   0   9   4   0   4  23  0.18 0.14
   71 F    -2   0  -4  -4   1  -1  -4  -4   2  -1   3  -2  -1   5  -4  -2  -1  -2   1  -1    3   5   0   0   3   2   0   0   5   0  35   2   0  32   0   4   3   0   2   3  0.55 0.27
   72 S    -1  -1   3   0   1  -2  -2   1   2  -2  -2  -2  -2   3  -3   1  -1  -2   4  -2    4   2  14   6   3   1   0  10   6   2   3   1   0  17   0  10   2   0  17   1  0.31 0.19
   73 P    -2  -1  -3  -3  -4   1  -3  -4  -3  -1   0  -2  -3   0   6   2   0  -4  -2  -1    0   3   0   0   0   7   0   0   0   3  12   2   0   5  43  15   4   0   1   4  0.83 0.32
   74 Q     1  -2   2   2   0   0   0   0   3  -1  -3   0  -1  -2   0   1   0  -4  -1  -1   16   0   9  13   2   4   3   6  11   2   0   7   2   2   3   8   4   0   1   6  0.15 0.12
   75 L    -1  -3  -3  -3  -2  -1  -1  -3  -2   1   2  -2   2   2  -3   0   1   2   2   0    4   0   0   0   0   2   4   0   0   8  27   2   5  10   0   9  10   3   7   6  0.18 0.14
   76 L    -2  -2  -2  -3  -3  -1  -1  -3   2   1   1  -1  -1   3  -2  -1  -2   1   5   0    2   1   1   1   0   2   3   1   5   9  14   3   1  14   1   5   1   2  29   4  0.42 0.20
   77 S     1   0   1   1  -2   0   0  -1  -1  -1  -1  -1   1   1   1   1   1  -2  -1  -1   11   6   7   8   0   3   5   4   0   1   6   1   6   8   6   9  11   0   1   5  0.06 0.07
   78 P     0   0   1  -2   0   0  -1   0   0  -1  -3  -1  -1  -1   1   3   2  -3   1  -2    4   5   7   0   2   3   3   8   3   3   1   3   1   3   8  25  16   0   5   0  0.22 0.16
   79 I    -1   0   1   2  -3  -1   0   2  -2  -1   0  -1  -2  -2  -2   1  -1   0  -1   1    1   6   9  14   0   0   5  17   0   3   8   1   0   1   1  13   3   2   2  14  0.13 0.12
   80 N     0   2   1  -1  -3   0   1  -2  -1  -1  -1   1  -1  -2   1   0   1   1   0  -1    6  11  10   0   0   3  11   2   0   5   6  11   2   0   5   7  11   3   4   2  0.12 0.09
   81 I    -1  -2  -2  -3  -3  -1   0  -1   2   1   2  -2   3   0  -1  -2  -1   1  -2   2    5   1   1   0   0   2   6   5   6   9  18   1  13   4   2   2   1   2   0  20  0.19 0.15
   82 I    -2   1  -3  -3   4  -1  -2  -2  -1   1   1  -1   1   1  -4  -1   0  -2   2   1    0  10   0   1  13   3   2   2   1  12  17   2   5   6   0   4   4   0  11   7  0.21 0.15
   83 E    -1   3  -1  -2   0   3   1  -3  -1   1  -3   2  -2  -2  -2   0   0   1  -1  -1    5  22   1   1   2  18   7   0   1  10   0  11   0   2   1   6   6   2   1   3  0.29 0.19
   84 L     0  -3  -1  -4  -1  -3  -3  -3  -3   3   1  -2   1   3  -1  -1   0  -2   2   1    9   0   3   0   1   0   0   2   0  18  14   2   4  17   3   2   7   0   8  10  0.24 0.16
   85 I    -1  -4  -2  -5  -3  -4  -4  -4  -4   4   2  -4   4   3  -4  -1  -1  -3   0   2    4   0   2   0   0   0   0   1   0  31  15   0  12  14   0   4   2   0   2  13  0.52 0.25
   86 S    -1  -2   1   0   2  -2  -2   0   1   0  -1   0   0   0  -3   2   1  -3   1  -1    3   1   8   6   5   0   0   6   4   5   6   5   2   5   0  23  10   0   7   3  0.12 0.13
   87 Y    -1  -3   2  -3  -2  -3  -3  -4  -2   2   1  -3   2   3  -4  -2   0  -2   4   2    3   0  14   1   1   0   0   0   0  15  11   0   6  13   0   1   7   0  16  13  0.36 0.21
   88 L    -1  -3  -3  -3   1  -1  -3  -3   2   2   1  -3   0   2  -3   1   0  -3   1   1    3   0   0   0   4   3   0   1   5  17  16   0   2  12   0  17   6   0   3  10  0.21 0.16
   89 W    -5  -6  -6  -7  -6  -5  -6  -6   1  -5  -1  -6   1   2  -7  -3  -3  12  -1  -5    0   0   0   0   0   0   0   0   3   0   6   0   3   9   0   2   2  73   0   0  3.10 0.77
   90 I     0  -1  -2   1  -3  -2  -1  -4   2   2  -1  -2   3  -2  -3  -2   2  -3   1   2    8   3   0  11   0   0   3   0   6  14   3   2  10   0   0   0  17   0   5  18  0.23 0.19
   91 I    -3  -5  -5  -6  -4  -5  -5  -6  -4   3   1  -5   1   6  -5  -3  -1  -3  -1   4    0   0   0   0   0   0   0   0   0  16  10   0   3  38   0   1   4   0   0  28  0.92 0.36
   92 T     1  -3   1  -2  -2  -3  -3  -1  -3   1   2  -3   1   0  -3   0   3  -3  -2   1   12   0   7   1   0   0   0   4   0  10  21   0   3   4   0   8  23   0   0   7  0.22 0.18
   93 S    -4  -4   8   0  -3  -3  -3  -3  -3  -6  -6  -3   2  -6  -5   0   0  -7  -5  -5    0   0  78   4   1   0   0   1   0   0   0   0   5   0   0   6   5   0   0   0  1.80 0.61
   94 Q     0  -1  -1  -3  -5   2   0  -4   8  -2  -4  -3  -4  -2  -4   0  -1  -4   3  -3    7   3   1   0   0  11   5   0  46   2   1   0   0   1   0   7   3   0  10   2  1.07 0.42
   95 L     1  -4  -2  -4   3  -4  -4  -4  -4  -1   2  -4   0   5  -4   0  -1  -3   0   1   12   0   2   0   6   0   0   0   0   2  26   0   1  29   0   9   4   0   1   8  0.48 0.26
   96 N    -2  -3   3  -3  -4  -3  -1  -3  -3  -3  -5  -3  -4  -5  -4   6   3  -6  -5  -4    0   0  16   0   0   0   3   0   0   2   0   0   0   0   0  60  20   0   0   0  1.12 0.49
   97 V    -3  -4  -1  -5  -3  -4  -4  -5  -4   3   4  -4   3   3  -5  -3   0  -3  -2   2    0   0   4   0   0   0   0   0   0  19  40   0   7  12   0   0   7   0   0  12  0.61 0.27
   98 W    -6  -7  -8  -8  -2  -6  -7  -7  -6  -7  -6  -7  -6  -3  -8  -2  -6  13   2  -7    0   0   0   0   1   0   0   0   0   0   0   0   0   0   0   3   0  90   5   0  4.24 0.99
   99 F    -4  -5  -6  -6  -2  -5  -6  -6  -5  -1   4  -5  -1   7  -6  -4  -1  -3  -1  -2    0   0   0   0   1   0   0   0   0   2  49   0   0  45   0   1   3   0   0   0  1.33 0.47
  100 A     5  -4  -2  -4   2  -3  -3  -1  -4   0  -1  -3  -3  -4  -3   0   2  -5  -4   0   60   0   2   0   5   0   0   2   0   5   5   0   0   0   0   4  12   0   0   5  0.75 0.37
  101 T     2  -4  -2  -4   1  -3  -4  -4  -4  -4  -4  -3  -4  -5  -4   2   7  -5  -5  -3   19   0   1   0   3   0   0   0   0   0   0   0   0   0   0  11  65   0   0   0  1.26 0.52
  102 S    -2  -5  -2  -5   7  -4  -5  -3  -5   1   1  -5  -2   0  -5   1  -2   8  -2   0    2   0   2   0  27   0   0   1   0   9  13   0   0   3   0  14   1  21   0   5  1.05 0.39
  103 L    -5  -5  -7  -7  -4  -5  -6  -7  -6  -1   7  -6  -1  -2  -6  -6  -4  -5  -4  -2    0   0   0   0   0   0   0   0   0   0  99   0   0   1   0   0   0   0   0   0  1.84 0.60
  104 S     0  -3   3  -3  -4  -3  -3   2  -3  -5  -5  -2  -4  -5  -4   5   0  -6  -5  -4    7   0  14   0   0   0   0  17   0   0   0   2   0   0   0  58   3   0   0   0  0.99 0.44
  105 I    -2  -5  -5  -5  -1  -4  -5  -2  -5   5   1  -4   1   1  -5  -3  -1  -4  -3   4    1   0   0   0   1   0   0   3   0  38   8   0   3   5   0   2   3   0   0  36  0.78 0.33
  106 F    -5  -6  -6  -7  -5  -6  -6  -6  -4  -2   2  -6  -2   8  -7  -5  -5  -2   1   0    0   0   0   0   0   0   0   0   0   1  21   0   0  72   0   0   0   0   2   5  1.83 0.56
  107 Y    -5   0  -5  -6  -1  -1  -5  -7   0  -5  -5  -5  -4   1  -6  -5  -5  -1  10  -5    0   5   0   0   1   3   0   0   2   0   0   0   0   4   0   0   0   0  85   0  2.50 0.73
  108 F    -2  -6  -6  -6   9  -6  -6  -6  -5  -3   2  -6  -3   6  -6  -4  -4  -3  -2  -3    3   0   0   0  40   0   0   0   0   0  18   0   0  38   0   1   0   0   0   0  1.70 0.54
  109 L     0  -3  -5  -5  -3  -4  -4  -5  -5   1   4  -2   0   2  -5  -2  -3  -4  -2   3    6   1   0   0   0   0   0   0   0   7  50   2   0   9   0   4   0   0   0  22  0.65 0.30
  110 K    -2   1  -3  -4  -6  -2  -2  -5  -4  -6  -5   8  -3  -6  -4  -3  -4  -6  -5  -5    3   5   0   0   0   0   0   0   0   0   0  89   1   0   0   0   0   0   0   0  1.90 0.62
  111 I    -4  -5  -6  -6  -4  -5  -6  -6  -6   7   0  -5  -1  -3  -5  -5  -1  -5  -4   2    0   0   0   0   0   0   0   0   0  79   6   0   0   0   0   0   3   0   0  10  1.55 0.51
  112 A     6  -4  -3  -3  -3  -3  -3  -2  -4  -1  -4  -3  -1  -4  -2   1   0  -5  -4   0   71   0   0   1   0   0   0   1   0   3   0   0   1   0   1   9   6   0   0   5  0.98 0.42
  113 N    -3   0   7  -2  -4  -2  -3  -3   2  -5  -5  -2  -4  -5  -4   3   2  -5  -4  -4    0   5  52   0   0   0   0   0   5   0   1   0   0   0   0  20  13   0   0   0  1.10 0.43
  114 F    -4  -5  -5  -5   1  -5  -5  -5  -4   1  -1  -5  -2   8  -5  -2  -4  -2   0   0    0   0   0   0   3   0   0   0   0   6   3   0   0  74   0   4   0   0   0   6  1.68 0.51
  115 S    -1  -2   1  -1  -3   0  -2  -3  -3  -4  -4  -2  -3  -2   1   6   2  -5  -2  -4    2   2   5   2   0   4   0   0   0   0   1   0   0   2   7  60  11   0   1   0  0.81 0.39
  116 H    -5  -1   5  -2  -6  -2  -3  -5   9  -6  -6  -3  -5  -4  -1  -2  -4   2   0  -6    0   3  27   1   0   1   0   0  56   0   0   1   0   0   3   3   0   3   3   0  1.81 0.59
  117 H    -3  -4  -3  -4  -1  -1  -3  -4  -1  -3  -1  -3  -4  -2   7   3   0  -5   1  -4    0   0   0   0   1   2   0   0   2   1   8   1   0   1  48  22   7   0   6   0  1.11 0.42
  118 I    -1  -4  -4  -4  -3  -4  -4  -4  -4   4   3  -4   0   2  -3  -2   0  -3  -2   3    5   0   0   0   0   0   0   0   0  34  24   0   0   8   1   2   5   0   0  17  0.54 0.24
  119 F    -5  -6  -6  -6   1  -6  -6  -6  -4  -3  -1  -6  -3   9  -2  -5  -5  -2   1  -3    0   0   0   0   3   0   0   0   0   0   5   0   0  84   2   0   0   0   2   1  2.15 0.62
  120 L    -3  -1  -5  -6  -4  -2  -5  -6  -2   1   5  -4  -1   3  -5  -4  -3  -4  -2   0    1   3   0   0   0   2   0   0   1   7  66   0   0  14   0   1   0   0   0   4  0.92 0.37
  121 W    -4  -1  -4  -6   1  -4  -5  -3   3  -5  -1  -2   1  -1  -6  -4  -5  11   5  -4    1   3   0   0   3   0   0   2   8   0   6   3   3   1   0   1   0  50  18   1  2.00 0.58
  122 L    -4  -5  -6  -7  -4  -5  -6  -7  -6   0   6  -5   3  -2  -6  -5  -4  -5  -4  -1    0   0   0   0   0   0   0   0   0   4  86   0   8   0   0   0   0   0   0   3  1.51 0.51
  123 K    -3   2  -2  -3  -6  -1   0  -4   0  -5  -3   7  -4  -6  -4  -1  -3  -6  -4  -5    0  11   0   0   0   0   3   0   3   0   2  75   0   0   0   5   0   0   0   0  1.44 0.53
  124 R    -4   4  -4  -5  -5   1  -4  -4   2   0  -2  -2   3  -1  -5  -3  -4  10   0  -3    0  23   0   0   0   6   0   1   5   7   2   2   7   1   0   2   0  39   2   1  1.46 0.48
  125 R    -4   7  -1  -4  -6  -2  -2  -5  -3  -5  -5   4  -4  -6  -5  -3   0  -6  -4  -3    0  64   2   0   0   0   1   0   0   0   0  23   0   0   0   0   7   0   0   2  1.47 0.51
  126 I     0  -4  -4  -5  -3  -4  -4  -5  -5   5   1  -3   1   1  -4  -1   0  -4  -3   3    6   0   0   0   0   0   1   0   0  41  11   1   3   5   0   5   5   0   0  21  0.60 0.28
  127 N    -1   0   3   1  -3  -1   0  -1  -1  -2  -2   2  -3  -4  -3   4  -1  -1  -3  -2    2   4  15   9   0   0   3   4   1   2   4  14   0   0   0  34   2   1   0   3  0.36 0.23
  128 I    -2   3  -2  -3  -1   1  -1  -1  -3  -1   0   4   0  -3  -3  -1  -1   3  -3   1    1  18   1   0   1   6   3   5   0   3  10  28   3   0   0   3   2   5   0  11  0.31 0.21
  129 V    -2  -4  -4  -5  -3  -4  -4  -5  -5   2   2  -2   2  -2  -3   0  -1   2  -3   5    1   0   0   0   0   0   0   0   0  11  15   2   5   1   1   8   2   3   0  51  0.69 0.32
  130 F    -2  -4  -2  -4  -1  -3  -4  -5  -4   2   2  -3   2   2   3  -3  -1  -3  -1   3    2   0   2   0   1   0   0   0   0  10  23   1   7  10  17   0   2   0   1  24  0.47 0.23
  131 A     0   2  -3  -4  -3  -1  -3  -4  -1   0   1  -2  -2  -2   3   0  -2   7  -2   1    7  12   0   0   0   3   0   0   1   5  14   1   0   1  17  10   1  15   0  14  0.47 0.25
  132 F    -3  -3  -5  -5   0  -4  -5   0  -4   2   1  -3   4   3  -5  -4  -1   8  -1   1    0   2   0   0   2   0   0   8   0  11  14   1  15  13   0   0   3  20   0  11  0.72 0.31
  133 L    -4  -5  -5  -6  -4  -4  -5  -6  -5   3   5  -5   4  -2  -5  -4   1  -4  -4   0    0   0   0   0   0   0   0   0   0  15  64   0  10   0   0   0   8   0   0   4  1.02 0.40
  134 I    -4  -3  -3  -2   1  -4  -5  -6  -5   2   6  -5   1  -1  -4  -3  -3  -4  -3  -1    0   1   1   3   2   0   0   0   0  11  74   0   2   2   1   3   0   0   0   1  1.00 0.40
  135 G     0  -3  -3  -4   0  -3  -4   4  -4   0   1  -3  -2   1  -2  -1  -1   3  -3   0    7   1   0   0   2   1   0  41   0   4  16   0   0   7   1   4   3   5   0   8  0.47 0.24
  136 C     1  -3  -2  -3   6  -3  -3   0  -3  -1   0  -3   1  -1   0   3  -1  -4   0   0    9   0   1   0  23   0   0   8   0   2   9   0   4   2   5  26   3   0   3   5  0.46 0.25
  137 L    -1  -3  -2  -4   1  -3  -3  -4  -4   0   3  -3   0   2  -4   3  -1  -3  -2   2    3   0   1   0   3   0   0   0   0   3  37   0   1   8   0  27   1   0   1  14  0.44 0.27
  138 L    -2  -4  -5  -5   1  -4  -5  -3  -5   3   4  -4   2   0  -4  -4  -3  -4  -3   3    2   0   0   0   3   0   0   2   0  15  51   0   3   4   0   0   0   0   0  18  0.72 0.29
  139 M    -2  -4  -3  -5  -1  -4  -4  -2  -4   4   2  -4   2   4  -4  -3  -1  -3   1   2    1   0   1   0   1   0   0   4   0  34  14   0   5  20   0   1   3   0   4  10  0.54 0.25
  140 S    -1  -3  -1  -3   2  -2  -2  -1  -3   1   2  -3  -1   0  -3   3   0  -3  -2   1    2   0   3   0   6   0   1   4   0   7  28   0   0   5   0  30   4   0   0   8  0.29 0.21
  141 W     0  -4  -3  -4   4  -3  -4  -1  -4   0   2  -3   0   2  -4   1  -1   7  -1   1    6   0   0   0   9   0   0   5   0   4  26   0   2  10   0  12   2  15   0   8  0.47 0.23
  142 L    -1  -4  -3  -5   5  -4  -4  -3  -4   3   3  -4   1   3  -3  -2  -2  -3  -2   2    5   0   1   0  12   0   0   2   0  16  30   0   3  14   1   2   1   0   0  12  0.48 0.23
  143 F    -1  -3   1  -3  -1  -2  -2  -2   1   2   1  -3   0   3  -3   1   1   0   0   1    1   0   8   0   1   1   1   1   5  12  16   0   1  14   1  15  11   1   2  10  0.17 0.15
  144 S     0  -3   2   0   2  -2  -2  -2   2   1   1  -2  -1  -2  -3   2   2   1  -2  -1    6   0  14   4   5   0   1   1   5  11  17   0   1   1   0  17  14   2   0   1  0.22 0.19
  145 F    -2  -4  -4  -3   1  -4  -4  -3  -2   4   1  -4   3   4  -4   0  -1  -3  -1   1    3   0   0   1   4   0   0   2   1  25  13   0   9  23   0   7   4   0   0   9  0.45 0.24
  146 P     0  -3   1  -3  -3   0  -2  -3  -3   2   2  -1   2   0   3   0   0  -3  -2   0    7   0   7   0   0   6   0   1   0  13  19   2   8   5  14   9   4   0   0   6  0.20 0.15
  147 V     0  -2  -2  -3   0   0  -2  -3   2   2   1  -2   0   2  -3   2   0  -2   2   1    7   2   1   0   2   4   1   0   6  14  12   0   1   8   0  18   4   0   7  13  0.16 0.14
  148 V     1  -2   2  -2   1  -2  -2  -1  -2   1   0  -2   0   1  -2   1   1  -3  -1   0   11   1  16   0   3   1   1   2   0  13   8   1   2   7   1  15  12   0   2   5  0.15 0.15
  149 V    -1   0   1  -3  -3  -2  -1  -1  -1   3   0  -1   3  -2  -3  -1   1   1  -3   2    3   5   8   0   0   0   4   6   2  18   5   2  11   0   0   3  12   2   0  18  0.18 0.17
  150 K    -2  -1   2   0   0  -1  -1   0   1  -1   0   1   0   1  -2   0   0  -1   2   0    0   0  11   4   2   0   3   9   5   3  11  14   3   7   1   5   7   1   8   7  0.06 0.10
  151 M    -2  -2   1  -2  -3   0   1  -2   1   1   1  -1   1   2  -3  -1   0  -1   2   0    1   0  11   1   0   4  10   2   4  11  15   2   5  12   0   4   5   1   7   5  0.13 0.12
  152 V    -2  -2   1   0  -3  -1  -1  -3   2   2   1  -2   0   1  -3   0   0  -1   2   1    1   1   8   6   0   2   4   1   5  21  11   1   2   6   0   7   6   1  10   7  0.12 0.12
  153 K     0  -1   1   1  -2   0   0  -1   1   1  -1   1   0  -1   0   0   0  -3  -1   1    7   2   8   8   1   3   4   4   5  12   3  12   3   3   3   2   7   0   1  12  0.04 0.07
  154 D     0   1   2   1  -1   1  -1  -2   0   0  -1  -1  -1   0  -1   1   0   5   0  -1    6  10  11  10   1   6   1   1   2   7   5   0   1   4   3  12   4   9   3   3  0.15 0.13
  155 K    -1  -1   1  -2  -3  -1  -2   1   1   0   0  -1   0   2   1   0   1   0   2   0    2   2   7   0   0   2   1  11   4   7   7   3   4  11   6   8   9   1   9   6  0.08 0.09
  156 K    -2   1   0   0  -4   3   0  -3  -1  -1  -1   2   0  -1   2   1  -1  -3   0  -2    0   8   3   6   0  16   4   0   1   5   6  17   2   3  12  10   1   0   4   1  0.24 0.17
  157 M    -1   1   0   0  -3   1   2  -1  -1   0   0   0   2   1  -1  -1   0  -3  -1   0    2   7   6   4   0   6  17   4   1   6  10   3   9   6   2   2   5   0   1   7  0.08 0.09
  158 L    -2  -1   1  -2   2   0  -2  -3   4   0   0   0  -1   2  -1  -2  -1  -2   4  -1    3   2   8   2   5   3   1   0  13   5   9   8   1  10   2   2   2   0  20   4  0.29 0.18
  159 Y    -1   0   0  -2  -3   2   2  -2   2   0  -2   2  -1   0  -3   1   1  -1   2  -2    4   4   5   0   0   9  12   2   6   7   2  13   1   5   0  12   9   1   8   0  0.16 0.13
  160 I    -2   3   1   0   1   0  -1   2  -2   0  -1   0   0  -1  -3   0  -1  -3  -3   0    0  18   8   5   3   2   3  21   0   9   4   5   3   2   0   7   2   0   0   6  0.16 0.13
  161 N    -3  -3   8   0  -5  -3  -2  -1  -2  -6  -6  -1  -5  -4  -5   0  -2  -6  -5  -5    1   0  78   3   0   0   1   5   0   0   0   3   0   1   0   5   2   0   0   0  1.73 0.57
  162 S    -1  -1   1  -3   1  -2  -2  -3  -1   0  -1  -2   3   0  -3   2   3  -4   0   1    2   3   7   0   3   1   2   0   1   5   5   0  11   3   0  23  19   0   3  12  0.26 0.21
  163 S    -2  -1   1  -3  -2  -2  -2  -4  -3  -3  -3  -3  -1  -2  -4   4   6  -5   0  -2    0   3   6   0   1   1   1   0   0   1   2   0   1   1   0  31  48   0   4   2  0.86 0.42
  164 W    -1  -3  -1  -1  -2   0   0  -1  -3   0   1  -1   0   2  -2  -1  -1   7   1   0    4   0   4   2   1   3   8   5   0   4  19   3   2   9   1   3   4  18   5   5  0.33 0.18
  165 Q    -1   1   2  -1   2   0   0  -1   0  -1  -2   3   0  -1  -3   0   0   0   1  -1    2   8  12   2   5   3   3   3   3   5   1  22   4   2   0   9   6   1   6   2  0.16 0.13
  166 I    -1  -3   1  -1   1  -2  -2  -3   0   1   1  -1   0   2  -3   1   1   2   1   0    1   0   9   4   3   0   1   0   2  12  17   3   2  12   0  12   9   3   6   3  0.14 0.13
  167 H    -2   2   1  -2  -4   1   0  -3   4  -1  -2   2   1   0  -1  -1  -1   0   2  -3    2  15   8   0   0   6   6   1  13   4   4  15   4   3   2   3   4   1  10   0  0.27 0.18
  168 M    -2  -1  -2  -2  -2  -1  -2  -3  -3   1   3  -1   2   2  -2  -1   0   0   1   1    1   3   1   2   1   3   2   1   0   6  31   2   6   9   1   5   8   1   6  11  0.18 0.13
  169 K    -1   2   2   0  -2   2   1  -1   1  -3  -2   2  -1  -2  -1   1   0  -3   1  -2    3  12  12   5   1  10   8   4   3   0   3  12   2   2   1  12   4   0   5   2  0.20 0.13
  170 K    -1   1   2   1  -4   0   1  -2   0  -2  -3   3  -1  -3  -1   1  -1  -1   1  -3    4   6  13   9   0   2  10   2   2   2   1  22   2   0   3  14   1   1   7   0  0.28 0.18
  171 S     1  -1   1   0   2  -1  -1  -3   0   0   0  -2  -1   3  -3   0   1   3   0  -1   11   2  10   4   4   1   4   0   3   6  11   1   1  14   0   9  11   5   1   1  0.13 0.13
  172 E     0  -1   2  -1  -1   1   2   0   0  -1  -1   0   1  -1   1   0   0  -3   0  -1    5   0  14   1   1   6  15   6   2   5   5   6   6   2   5   5   7   0   4   3  0.10 0.10
  173 L    -1   0  -2  -3  -3   1  -2  -2   2   1   1  -1   1   2  -4  -1  -1   2   4   1    4   4   2   0   0   7   1   3   6   6  15   2   3   8   0   2   3   2  18  14  0.21 0.15
  174 I    -1  -2  -2  -3  -1  -3  -3  -4  -2   2   2  -1  -1   3  -2   0   1   0   3   0    6   1   1   1   1   0   0   0   1  12  23   3   0  18   2   6   8   1  10   5  0.25 0.16
  175 I     0  -1   0  -3  -1  -1  -1  -1  -2   1   0  -2   1   2  -2   2   1  -2   4  -1    5   2   4   0   1   2   3   4   0  12   9   0   4   8   1  18   8   0  16   2  0.16 0.15
  176 N    -1  -1   3   0  -3  -1  -1  -2   0   0   1   0   0   1   0   1  -1  -3   0   0    4   2  20   4   0   2   3   1   2   6  13   5   1   6   4  15   2   0   4   7  0.11 0.12
  177 Y    -1   0  -1  -3  -3   1  -2  -3   1   0   1   0   2   3  -3   0  -1  -2   2   0    6   3   2   0   0   7   0   0   4   4  16   9   7  18   1   7   4   0   9   4  0.18 0.15
  178 V    -1  -1  -3  -4   0  -1  -3  -4  -3   2   1  -3   0   2   1   0   1  -3  -1   3    3   5   0   0   2   2   0   0   0  13  15   0   2   9   6   6  13   0   2  23  0.23 0.16
  179 F    -1  -1  -2  -4  -3  -3  -4  -4   1   1   3  -2  -1   5  -4   0  -2   1   0   1    6   3   1   0   0   0   0   0   4   6  31   3   0  27   0   7   1   2   1   8  0.42 0.23
  180 T     0  -2  -2  -2   2  -2  -3  -1   0  -1   2   0  -1   3  -2   1   1  -2   0  -1    7   0   1   2   6   0   0   4   2   1  28   6   0  15   1  12  10   0   3   1  0.19 0.16
  181 N    -2  -3   4  -2  -3  -2  -2  -1  -2   1  -2  -2   2  -1  -3   1   2  -3   2   1    1   0  29   0   0   0   2   4   0   7   2   0   6   2   0  12  13   0   7  13  0.36 0.23
  182 G    -1  -4  -2  -4   1  -3  -4  -2  -2   2   4  -3   4   0  -4  -1  -2  -3  -3   2    4   0   2   0   3   0   0   2   1  10  44   1  12   2   0   5   0   0   0  14  0.50 0.24
  183 G     0  -3   0  -2  -3  -2   0   4   1   0  -2  -3   1   2  -3  -1   1   5  -2  -1    9   0   3   1   0   1   6  31   3   5   1   0   5  10   0   3   9   8   0   3  0.33 0.19
  184 V     0  -2   1  -3  -3  -2  -2  -2  -2   1   0  -1   2   2  -2   1   0   4   0   0    8   0  10   0   0   0   1   2   0  12   7   4   9   9   1  17   5   6   2   7  0.17 0.15
  185 F    -2  -4  -4  -4   0  -4  -4  -3  -3   2   2  -4   0   5  -4  -1  -1  -2   1   2    1   0   0   0   2   0   0   2   0  12  21   0   1  31   0   7   4   0   2  15  0.51 0.24
  186 L    -2  -4  -4  -5  -3  -4  -4  -5  -4   4   2  -4  -1   1   2  -1  -1  -4   0   3    1   0   0   0   0   0   0   0   0  34  21   0   0   5   9   5   3   0   3  18  0.55 0.26
  187 L    -4  -5  -5  -5  -6   0  -4  -6  -5  -5  -1  -4  -5   0   8  -2  -4  -6   0  -5    0   0   0   0   0   4   0   0   0   0   6   0   0   5  80   2   0   0   3   0  2.23 0.65
  188 F    -5  -6  -6  -6   2  -6  -6  -6  -4  -1   2  -6  -2   8  -6  -2  -2  -2   0  -2    0   0   0   0   4   0   0   0   0   1  17   0   0  71   0   3   2   0   0   1  1.69 0.54
  189 I    -1  -3  -3  -4  -2  -3  -3  -1  -4   3   1  -3   2   2  -1   1   3  -3  -2   1    3   0   0   0   0   0   0   4   0  18  13   0   7   9   3  14  22   0   0   7  0.29 0.21
  190 I    -2  -4  -5  -5  -3  -4  -4  -5  -5   3   3  -4   3  -2  -1  -4  -1  -4  -3   4    2   0   0   0   0   0   0   0   0  15  34   0   9   0   3   0   2   0   0  33  0.70 0.30
  191 M     0  -4   0  -1   1  -3  -3  -3  -3  -3  -2  -3  -1   6  -4   3   1  -3  -1  -3    8   0   4   3   4   0   0   0   0   0   1   0   1  36   0  30  10   0   0   0  0.70 0.35
  192 L    -4  -4  -5  -6  -4  -2  -5  -6  -5   1   5  -5   2   2  -5  -2  -1  -4  -3   1    0   0   0   0   0   2   0   0   0   7  70   0   3   7   0   3   3   0   0   6  0.96 0.38
  193 I     0  -4  -3  -4  -3  -3  -4  -4  -4   4   0  -3   2  -1  -3   0   2  -4  -3   3    9   0   1   0   0   0   0   0   0  27   6   0   7   2   1   6  15   0   0  26  0.48 0.26
  194 V     2  -4  -2  -3   4  -3  -3  -3  -4   0  -3  -3   1  -1  -3   5   2  -5  -4  -2   16   0   0   0   8   0   0   0   0   7   0   0   3   4   0  47  15   0   0   1  0.70 0.37
  195 C     0  -4  -4  -5   5  -4  -4  -4  -4   1   0  -4   2   6  -4   0  -1  -2   1   1   10   0   0   0  12   0   0   0   0   7   6   0   5  35   0  10   3   0   3  10  0.60 0.29
  196 F    -3  -4  -4  -4  -3  -4  -4   1  -4   2   3  -4   1   3  -4   0   0  -3   1   0    0   0   0   0   0   0   0  10   0  14  38   0   2  15   0   8   5   0   5   3  0.42 0.24
  197 L    -4  -5  -6  -6  -4  -5  -6  -6  -5  -1   6  -5   4   2  -6  -5  -4  -4  -3   0    0   0   0   0   0   0   0   0   0   0  80   0   8   8   0   0   0   0   0   4  1.38 0.49
  198 L    -5  -5  -7  -7  -4  -5  -6  -7  -6  -1   7  -6   2  -2  -6  -6  -4  -5  -4  -2    0   0   0   0   0   0   0   0   0   0  96   0   3   1   0   0   0   0   0   0  1.75 0.58
  199 I    -4  -5  -5  -6  -4  -5  -5  -6  -5   7   0  -5   2   0  -5  -3   0  -5  -2   2    0   0   0   0   0   0   0   0   0  68   5   0   5   4   0   1   6   0   1   9  1.22 0.44
  200 I    -2  -1  -1  -5   3  -4  -4  -5   1   2   1  -4  -1   6  -5  -2  -1  -2   2   1    2   3   3   0   6   0   0   0   3  13  10   0   1  36   0   2   4   0   5  11  0.57 0.26
  201 S    -2  -4  -2  -3  -4  -3  -3  -3  -4  -5  -5  -3  -4   0  -4   7  -2  -5  -4  -4    0   0   0   0   0   0   0   0   0   0   0   0   0   5   0  91   0   0   0   0  1.69 0.62
  202 L    -4  -5  -6  -6  -4  -5  -5  -6  -5  -1   7  -5  -1  -2  -5  -5  -4  -4  -4  -2    0   0   0   0   0   0   0   0   0   0  96   0   0   0   0   0   0   0   0   0  1.65 0.53
  203 W    -3   2  -4  -4   4  -2  -4   2  -2  -3  -4  -1  -3  -2  -4  -3  -3  10   3   0    1  11   0   0   9   2   0  16   1   0   1   5   0   0   0   1   0  34   9   9  1.19 0.39
  204 R    -4   7   0  -4  -6   0  -2  -5  -3  -5  -5   4  -4  -5  -4  -2   0   0  -4  -5    0  59   3   0   0   3   0   0   0   0   0  25   0   0   0   1   6   1   0   0  1.34 0.47
  205 H    -3  -4  -3  -5  -6  -2  -4  -6  11  -6  -5  -4  -5  -5  -6  -4  -5  -6  -1  -3    3   0   0   0   0   1   0   0  90   0   1   0   0   0   0   0   0   0   1   3  3.02 0.80
  206 S    -2  -1  -1  -4  -2  -1  -3  -4   3   0   3  -1   3  -2  -4   0   3   1  -1   0    0   3   3   0   1   1   0   0   8   5  29   3   9   0   0   6  25   2   2   3  0.35 0.24
  207 K    -3   5  -2  -3  -5   3   0  -2  -3  -4   0   5  -3  -5  -4  -3  -3   1  -4  -3    0  30   0   0   0  14   4   2   0   0  11  35   0   0   0   0   0   2   0   1  0.82 0.37
  208 W    -3   2   2  -3  -5   5  -1  -4   2  -5  -5   5  -4  -5  -4  -2   1  -2  -4  -5    0   7  10   0   0  28   0   0   5   0   0  40   0   0   0   0   8   1   0   0  0.98 0.42
  209 M    -2  -5  -6  -7  -5  -4  -6  -6  -5   1   0  -5  10  -3  -6  -5  -2  -5  -4   1    3   0   0   0   0   0   0   0   0   6   3   0  78   0   0   0   2   0   0   8  2.21 0.71
  210 Q    -3   3  -3  -3  -2   6   1  -2   2  -5  -2   3  -3  -3  -3  -3  -3  -5  -4  -5    0  14   0   0   1  46   8   3   5   0   5  17   0   1   1   0   0   0   0   0  0.94 0.42
  211 S    -2  -1   1  -2  -3   1  -2  -2   5  -1   2  -1  -1  -1  -4   1  -2  -3   0   1    1   2   7   1   0   7   0   2  19   3  29   3   0   2   0  12   0   0   3   9  0.31 0.22
  212 N    -2  -2   5  -1  -4  -1  -3  -2   6  -3  -3  -3  -3  -3   0   1   1  -4   4  -4    2   2  28   1   0   2   0   2  18   1   1   0   0   0   5  10  11   0  14   0  0.64 0.33
  213 E     2   0  -1  -2  -3  -2   0   2   1  -2  -2  -2   0  -3  -3   2   1  -4  -1   1   24   6   1   1   0   0   6  15   3   0   2   1   2   0   0  16   9   0   1  14  0.23 0.18
  214 S     0   1  -2  -3  -3   1  -1  -3   1  -3  -2   3  -3  -4   0   3   3  -4  -3  -2    6   8   0   0   0   5   1   0   4   1   4  19   0   0   5  23  21   0   0   3  0.37 0.24
  215 G    -2   0   0   0  -5  -3  -2   6  -4  -6  -6  -3  -5  -6  -3   1  -3  -1  -5  -6    1   5   3   5   0   1   3  71   0   0   0   1   0   0   1  10   0   1   0   0  1.30 0.44
  216 F    -2  -1  -2  -2   3  -3  -2  -1   2  -3   0  -3  -2   3   2   4  -1  -3   0  -3    0   4   0   2   7   0   1   3   5   0  11   0   0  15   9  37   3   0   2   0  0.42 0.28
  217 R    -4   7  -2  -4   3   3  -2  -2   0  -5  -5   0  -4  -5  -5  -3  -4   4  -4  -5    0  63   1   0   6  13   1   3   2   0   0   3   0   0   0   0   0   6   0   0  1.36 0.49
  218 D    -4  -1   2   7  -6  -3   1  -3  -4  -5  -3  -3  -5  -6  -4  -2  -4  -7  -6  -2    0   3   9  73   0   0   5   1   0   0   2   0   0   0   0   1   0   0   0   3  1.54 0.51
  219 L     1  -4  -4  -4  -4  -1  -3  -4  -2  -3  -1  -3  -4  -5   7   1  -2  -5  -1   0   10   0   0   0   0   3   0   0   1   1   7   0   0   0  54  11   2   0   3   8  1.21 0.43
  220 N    -2   1   2  -3  -2   1  -3  -1   1  -4  -4  -2  -4  -5  -4   6  -1   1  -4  -4    0   7   8   0   1   6   0   3   3   0   2   0   0   0   0  66   1   2   0   0  0.98 0.46
  221 T     0   1  -3  -4  -4  -3  -4  -3  -4  -2   0  -3   2  -4  -4  -2   6  -5  -4   0    9   9   0   0   0   0   0   1   0   1   8   0   6   0   0   0  62   0   0   4  0.96 0.45
  222 E    -2   1  -1  -1  -5   3   4  -2   0  -3  -4   4   1  -5  -3  -1   0  -5  -4  -2    1   4   1   1   0  13  32   3   2   1   0  27   4   0   0   2   7   0   0   2  0.62 0.31
  223 V     6  -5  -5  -5  -3  -4  -4  -3  -5  -2  -4  -4  -3  -5  -4  -2  -2  -6  -5   2   83   0   0   0   0   0   0   0   0   1   0   0   0   0   0   0   1   0   0  15  1.44 0.56
  224 H    -5  -4  -3  -5  -6  -1  -4  -6  11  -6  -1  -4  -5  -5  -2  -4  -2  -6  -1  -6    0   0   0   0   0   2   0   0  84   0   7   0   0   0   3   0   3   0   1   0  2.69 0.76
  225 V    -3   1  -4  -5  -1  -3  -4  -5  -4   5  -1  -1   2   1  -4  -2   1  -4  -3   3    0  11   0   0   1   0   0   0   0  39   2   3   5   8   0   1  11   0   0  19  0.58 0.30
  226 K    -3   4   1  -3  -5   0  -2   1  -3  -4  -4   5   1  -5  -4   0   2  -5  -4  -4    0  21   6   0   0   2   0  11   0   0   0  35   5   0   0   5  14   0   0   0  0.66 0.33
  227 T     6  -4  -5  -5  -3  -4  -4  -2  -5   0  -4  -4  -3  -5  -4  -2  -2  -6  -5   2   78   0   0   0   0   0   0   2   0   6   0   0   0   0   0   0   1   0   0  13  1.26 0.51
  228 I    -4  -5  -6  -6  -4  -4  -5  -6  -5   3   5  -5   6  -2  -5  -5  -3  -4  -4   0    0   0   0   0   0   0   0   0   0  19  54   0  22   0   0   0   1   0   0   3  1.15 0.43
  229 K    -3   2  -3  -3  -5   5  -2  -4  -2   0   0   5  -3  -5  -4  -3  -3  -5  -4  -1    0  11   0   0   0  25   0   1   1   7  10  42   0   0   0   0   0   0   0   3  0.81 0.39
  230 V     2  -3  -2  -3  -3  -2  -2  -3  -3   1   0  -3   2   0  -1   3   3  -4  -3   0   15   0   0   0   0   0   2   0   0  10   7   0   5   5   2  24  23   0   0   7  0.34 0.24
  231 L    -3  -4  -5  -5  -3  -4  -5  -3  -5   2   4  -4   5  -2  -5  -4   0  -4  -3   4    0   0   0   0   0   0   0   2   0  10  38   0  14   0   0   0   5   0   0  30  0.79 0.34
  232 L     0  -4  -4  -4  -3  -4  -4  -2  -4   5   2  -4   1   0  -4   0   1  -4  -3   2    6   0   0   0   0   0   0   2   0  39  14   0   3   3   0  10   8   0   0  15  0.50 0.26
  233 S     0  -4  -2  -3   3  -3  -3  -3  -2   0  -3  -3  -2   0  -4   5   1  -4   1  -1    7   0   0   0   6   0   0   0   1   7   1   0   1   4   0  58   7   0   6   4  0.75 0.40
  234 F    -5  -6  -6  -7  -6  -6  -6  -6  -4  -3  -1  -6  -3   9  -7  -1  -5  -2   1  -4    0   0   0   0   0   0   0   0   0   0   4   0   0  88   0   6   0   0   2   0  2.33 0.67
  235 I    -2  -5  -6  -6  -4  -5  -5  -6  -5   2   5  -5   0   3  -5  -5  -3  -4  -2   0    4   0   0   0   0   0   0   0   0  12  64   0   1  15   0   0   0   0   0   5  1.01 0.38
  236 I    -3  -5  -5  -5   2  -4  -5  -6  -5   4   4  -5   2   2  -5  -4  -2  -4  -2   2    1   0   0   0   5   0   0   0   0  28  39   0   4  10   0   0   2   0   0  12  0.76 0.30
  237 L    -4  -5  -6  -6   2  -5  -6  -6  -5  -1   6  -5  -1   4  -6  -5  -4  -4  -2  -1    0   0   0   0   5   0   0   0   0   0  73   0   0  20   0   0   0   0   0   2  1.31 0.47
  238 F    -5  -5  -5  -6   3  -5  -6  -6   1  -4  -1  -5  -3   6  -6  -4  -5  -1   8  -4    0   0   0   0   7   0   0   0   2   0   4   0   0  35   0   1   0   0  51   0  1.85 0.58
  239 I     2  -4  -3  -4  -1  -3  -4  -4  -4   4   1  -3  -1   1  -3   1   2  -4  -3   1   18   0   0   0   1   0   0   0   0  31  12   0   0   6   1   9  14   0   0   9  0.41 0.24
  240 L    -1  -4  -3  -4  -3  -3  -4  -4  -4   3   2  -3   1   1   2   2   0  -4  -2   2    2   0   0   0   0   0   0   0   0  22  18   0   3   5   9  17   5   0   0  18  0.38 0.23
  241 H    -4  -4   1  -5   0  -4  -4  -5   6  -4  -4  -4  -4   5  -6   0  -4  -2   8  -4    0   0   6   0   2   0   0   0  17   0   0   0   0  20   0   8   0   0  48   0  1.49 0.52
  242 L     0  -4  -4  -5   2  -4  -4  -4  -3   1  -1  -4  -1   7  -5   0  -2  -2   3  -1    8   0   0   0   4   0   0   0   0   7   4   0   1  52   0   9   1   0   7   4  0.94 0.36
  243 I    -2  -4  -5  -5   2  -4  -4  -5  -4   2   5  -4   3   0  -2  -3  -3  -4  -3   1    2   0   0   0   5   0   0   0   0  13  54   0   8   3   2   2   0   0   0   9  0.71 0.29
  244 G     3  -3  -2  -3   2  -3  -3   1  -3  -3  -2  -3  -3   0  -3   4   1  -4  -2  -2   26   0   0   0   4   0   0   8   0   0   2   0   0   5   0  40   9   0   1   3  0.56 0.31
  245 I    -1  -4  -4  -5  -3  -4  -4  -5  -3   3   4  -4   2   3  -4  -1  -1  -3  -2   1    6   0   0   0   0   0   0   0   1  18  41   0   4  15   0   5   3   0   0   8  0.56 0.26
  246 T    -1  -3  -4  -4  -3  -1  -4  -4  -4   3   3  -2   1   3  -2  -1  -1  -3  -1   2    3   0   0   0   0   3   0   0   0  17  32   3   2  16   2   4   2   0   0  15  0.41 0.21
  247 I    -2  -5  -5  -5  -3  -4  -5  -5  -5   6   2  -4   2   1  -5  -2   0  -4  -3   3    1   0   0   0   0   0   0   0   0  50  15   0   4   4   0   2   6   0   0  16  0.85 0.34
  248 N     1  -2  -1   0  -1   2   1  -1  -2  -1  -2   0   0  -1  -3   4   0  -4  -2  -2    8   0   1   4   1  11   7   3   0   5   2   3   2   3   0  43   2   0   1   2  0.38 0.26
  249 V     0  -3  -1  -2  -2  -3  -3  -1  -3   2   0  -3   1   1  -3   1   2   4   1   2    8   0   3   1   0   0   0   3   0  15   6   0   5   6   0  10  13   7   5  16  0.22 0.16
  250 I     0  -4  -4  -4  -2  -1  -4  -4  -4   2   1  -4  -2   0   0   2   1   8   0  -2    7   0   0   0   0   2   0   0   0  12  16   0   0   4   6  16  11  23   2   0  0.67 0.31
  251 C    -1  -1   2  -1   2  -2  -2   1  -1  -1  -2   1  -2  -4   0   3   1  -4  -3  -1    3   3  13   1   6   0   0  10   1   4   5   8   0   0   5  30   7   0   0   3  0.25 0.20
  252 L    -1  -1   0  -3  -3  -2  -3  -3  -1   2   1  -1   0   3  -2   0   0  -2   2   0    3   3   6   0   0   0   0   0   2  12  18   3   1  18   1  10   6   0   9   6  0.20 0.14
  253 L    -2  -1  -2  -2  -1   0   0  -1  -1   1   1   0   1   3  -3  -2   0  -1   1   1    0   2   1   2   1   3   8   7   1  10  11   9   5  17   0   0   7   1   4  10  0.10 0.11
  254 V     0   0   0  -2  -2  -2  -2  -2  -2   1   2   0   2   2   0   0  -1  -1   0   0    8   5   4   2   0   0   0   2   0   8  21   6   7  12   5  10   3   1   2   4  0.09 0.10
  255 P    -1  -1   0   0  -3   0  -2  -1   2  -2   1  -2   2  -1   4  -1   0   3   1  -1    3   3   5   6   0   5   0   5   6   1  15   0   8   2  21   3   5   5   5   2  0.26 0.16
  256 E    -2   0  -1   0  -4   3   3  -2   3  -2  -1   2   0  -3   1  -1  -2   1   0  -2    0   2   1   3   0  17  21   3   8   2   6  15   2   0   6   3   0   2   3   2  0.32 0.21
  257 N    -2   2   5   2  -2  -1   0   0  -2  -5  -5   1  -4  -4  -3   1   1  -5  -1  -4    2  10  32  10   1   0   5   7   0   0   0  10   0   0   0  13   7   0   2   0  0.53 0.26
  258 N    -1   0   2   0   0   1   1  -2   0  -1  -1   3   0   0  -1   1   1  -3   0  -1    1   4  12   3   2   4   8   1   1   4   4  23   3   5   2  10   7   0   3   3  0.15 0.13
  259 L    -2  -1  -2  -4  -3  -2  -3  -1  -4   0   3   0   0   1   2  -3  -2   7  -2  -1    1   4   1   0   0   1   1   5   0   5  36   7   2   6   9   0   2  17   0   3  0.50 0.24
  260 L     0  -3  -3  -3  -2  -3  -2  -1   1   2   1  -3  -1   3  -3  -1  -1   1   3   2   10   0   0   1   0   0   1   6   3  16  16   0   0  13   0   3   3   1  12  13  0.23 0.15
  261 F    -3  -2   0  -3  -4  -2  -3  -4   1   1   1  -1   0   4  -4  -2  -2   7   1   2    0   2   6   2   0   2   0   0   4   6  12   4   1  20   0   2   2  19   2  16  0.58 0.25
  262 V     0  -2  -1  -4  -3  -1  -2  -4   0   3   1  -2   5   0   0  -1  -2  -1  -1   1   10   2   4   0   0   1   1   0   2  18  13   2  20   2   5   5   1   1   2  11  0.26 0.19
  263 F    -2  -3  -1  -5   0  -5  -5  -5  -4   3   1  -5  -2   6  -5  -3  -2   7   0   0    3   1   4   0   2   0   0   0   0  19  11   0   0  37   0   1   2  14   0   6  0.92 0.35
  264 G    -2  -3  -3  -1   8  -2   0   2  -3  -3  -2  -3  -3   0  -3   0  -1   1  -3   0    1   1   0   3  36   2   6  20   0   0   3   1   0   4   0   8   3   2   0   7  0.74 0.29
  265 L    -1  -1  -2  -1  -4   3   3  -4   1   1   1   0   2  -1  -3  -1  -2   0  -2   1    2   2   1   1   0  17  21   0   3  10  12   4   8   2   0   3   1   2   0  12  0.26 0.19
  266 T     1  -3  -3  -4  -1  -3  -4  -1  -4   3   1  -3   0  -1  -4  -1   2  -4  -3   3   13   1   1   0   1   0   0   5   0  24  15   0   1   1   0   3  16   0   0  19  0.34 0.21
  267 I     0  -4  -4  -5  -2  -4  -4  -5  -5   5   0  -4   2   1  -4  -2   0  -4  -3   4    9   0   0   0   1   0   0   0   0  38   6   0   6   6   0   2   6   0   0  26  0.66 0.29
  268 A     2  -1  -2  -2  -2  -2  -2   2  -3   1   0  -2   3  -2  -3   0   1  -3   1   0   17   3   0   1   0   0   1  19   0  11   7   2  11   0   0   7  12   0   5   4  0.19 0.16
  269 F     1  -3   0  -3   0  -2  -3   0   1   1   0  -2   1   1  -2   0   0  -2   3   0   18   0   4   0   2   0   0   8   3   8  11   0   4   6   1   7   8   0  13   5  0.13 0.13
  270 L     3  -3  -3  -4  -2  -3  -3  -2  -3   1   2  -3   3   1  -3   0   0  -3   0   1   33   0   0   0   0   0   0   1   0  10  19   0   8   7   0   7   4   0   4   7  0.34 0.22
  271 Y    -4  -5  -2  -6   5  -5  -5  -1  -2  -4  -3  -5  -4   5  -6  -4  -4  -1   8  -1    0   0   2   0  14   0   0   5   0   0   0   0   0  23   0   0   0   0  51   5  1.61 0.53
  272 P    -2  -5  -5  -4  -5  -4  -4  -5  -5   1  -2  -4  -1  -3   8  -1  -2  -6  -5  -3    3   0   0   0   0   0   0   0   0   8   3   0   2   1  74   4   2   0   0   1  1.94 0.55
  273 C     2  -4  -3  -3   4  -3  -3  -2  -4  -2  -2  -3  -3  -1   0   5  -1   0  -4  -1   13   0   0   0  10   0   0   2   0   3   3   0   0   3   5  55   2   1   0   3  0.75 0.39
  274 C    -1  -1  -3  -4   4  -3  -4   4  -4   0   0  -3   0   1  -4   1  -1  -4  -3   1    4   5   0   0  10   0   0  35   0   6   9   0   2   6   0  10   2   0   0  10  0.39 0.22
  275 H    -5  -4  -1  -2  -7  -1  -4  -6  11  -7  -7  -4  -5  -5  -6  -2  -5  -6  -2  -7    0   0   2   2   0   3   0   0  90   0   0   0   0   0   0   3   0   0   0   0  3.04 0.81
  276 S     0  -4  -3  -3  -4  -3  -3  -3  -4  -5  -5  -3  -5  -2   4   6  -1  -6  -5  -5    5   0   0   0   0   0   0   0   0   0   0   0   0   2  18  74   1   0   0   0  1.40 0.56
  277 L    -1  -4  -5  -5   4  -4  -5  -5  -4   2   1  -4  -1   6  -5  -3   0   1   2   1    5   0   0   0  11   0   0   0   0  13  10   0   1  37   0   1   7   2   5   9  0.70 0.30
  278 I    -2  -5  -5  -5  -3  -3  -5  -6  -1   6   1  -5  -1  -2  -5  -2  -3  -5  -4   4    1   0   0   0   0   2   0   0   2  56   9   0   1   1   0   4   0   0   0  26  1.04 0.40
  279 L    -4  -5  -6  -7  -4  -5  -6  -7  -6   1   6  -5   0  -2  -4  -5  -4  -5  -4  -1    0   0   0   0   0   0   0   0   0   4  92   0   1   0   1   0   0   0   0   2  1.60 0.54
  280 I    -4  -6  -6  -6  -4  -6  -6  -7  -6   8   1  -6   2  -3  -6  -5  -3  -6  -4   0    0   0   0   0   0   0   0   0   0  85   8   0   4   0   0   0   1   0   0   2  1.77 0.57
  281 L    -3  -4  -5  -5  -1  -1  -4  -5  -4   1   4  -4   4   2  -5  -1  -2   6  -2  -1    0   0   0   0   1   3   0   0   0   5  52   1  10   7   0   5   1  12   0   3  0.84 0.34
  282 A    -1   0   0  -2  -2  -3  -3   6  -4  -5  -3  -3  -4  -5  -4   3   0  -5  -5  -4    3   7   3   1   1   0   0  55   0   0   2   0   0   0   0  21   6   0   0   1  0.92 0.37
  283 N    -4  -4   8   2  -6  -3  -3  -4   2  -3  -6  -3  -5  -6  -5   0  -2  -7  -5  -6    0   0  78   8   0   0   0   0   4   2   0   0   0   0   0   6   1   0   0   0  1.83 0.60
  284 S     0   1   1  -3   0  -1  -2  -3  -3  -4  -2   1  -1  -3   5   2   0  -5  -3  -3    7   6   7   0   2   2   0   0   0   0   4  11   2   1  29  21   6   0   1   0  0.56 0.27
  285 R    -2   3   0  -3  -5   1  -1   0  -3  -5  -5   6  -4  -6  -4  -3   0  -5  -4  -3    1  16   3   0   0   5   1   7   0   0   0  60   0   0   0   0   5   0   0   2  1.04 0.42
  286 L    -4  -5  -6  -6  -4  -5  -6  -7  -6   1   6  -5   2   0  -6  -5  -4  -4  -4  -1    0   0   0   0   0   0   0   0   0   5  86   0   3   3   0   0   0   0   0   2  1.44 0.49
  287 K    -4   6  -3  -4  -6  -1  -2  -5  -3  -6  -5   6  -2  -6  -4  -1  -4  -6  -5  -5    0  51   0   0   0   1   0   0   0   0   0  44   1   0   0   4   0   0   0   0  1.55 0.53
  288 R    -2   3  -3  -3  -5   7   0  -2   1  -5  -3   2  -3  -5  -4  -1  -1  -1  -4  -5    2  17   0   0   0  53   3   3   4   0   2  10   0   0   0   3   3   1   0   0  1.07 0.44
  289 C     5  -4   1  -3   0  -3  -3  -2  -4  -2  -3  -3  -3  -3  -2   0   4  -5  -4   0   49   0   6   0   2   0   0   2   0   2   1   0   0   1   1   2  28   0   0   7  0.70 0.35
  290 F     1  -4  -3  -4   2  -3  -3  -3  -3  -1   0  -3  -2   5  -4   3  -1   5  -1  -1   12   0   0   0   4   0   0   0   0   2  10   0   0  27   0  28   3   7   0   4  0.52 0.27
  291 V    -3   0  -4  -4  -2  -1  -2  -5  -4   0   4   3   0  -2  -4  -2  -1   1  -3   2    0   5   0   0   1   3   1   0   0   1  44  21   1   0   0   2   3   2   0  17  0.47 0.26
  292 R    -1   3  -2  -3   0   1  -1  -3  -1  -3   0   3   0  -3  -3   3   1   1  -2  -3    2  17   0   0   2   5   1   0   1   0  12  22   2   0   0  25   7   3   1   1  0.37 0.24
  293 I     0  -4  -4  -5  -3  -1  -4  -4  -4   3   2  -4   3   2  -4  -2  -1  -3  -2   4    8   0   0   0   0   3   0   0   0  19  15   0   9  11   0   2   3   0   0  31  0.48 0.23
  294 L    -3  -2  -5  -5  -4   1  -4  -6  -4   1   5  -3   2   1  -5  -4  -3   1  -3  -1    2   2   0   0   0   6   0   0   0   7  70   2   5   4   0   0   0   2   0   1  0.90 0.35
  295 Q    -2   2  -3  -4   3   1  -2  -4   2  -3   0  -1  -2   1   0   0  -1   8  -1  -1    2  13   0   0   8   9   1   0   7   0  12   2   0   7   5   6   3  22   0   5  0.58 0.26
  296 Q    -3   0  -1  -4   3   4  -2  -3   5  -5  -4   0  -3  -1  -2  -2  -3   8   1  -4    0   5   2   0   8  24   0   2  18   0   1   6   0   3   2   2   1  24   4   0  1.03 0.37
  297 L    -1  -4  -4  -2   1  -2  -4  -4  -4   1   4  -4   2   0  -4  -1  -1  -3  -2   3    4   0   0   2   3   1   0   0   0   5  45   0   6   4   0   7   2   0   0  22  0.47 0.22
  298 M    -3   5  -1  -3  -5   2  -1  -2   2  -4  -2   4   0  -4  -1  -2  -1   2  -3  -2    0  33   2   0   0   9   0   2   5   0   4  31   2   0   2   0   4   3   0   3  0.65 0.28
  299 C    -1  -3   0  -5   9  -4  -5  -3  -4  -3   0  -4  -3  -1  -5   1  -2  -3   3  -3    3   1   4   0  53   0   0   1   0   0   9   0   0   2   0  12   2   0  13   0  1.39 0.42
  300 S    -1   4  -3  -4   6  -1  -3  -3   1  -2  -2   0   0   0  -4   0  -2   5   3  -1    3  27   0   0  19   1   0   1   4   2   1   5   3   2   0   8   0   8  12   3  0.55 0.24
  301 E    -1  -1  -2  -2  -3   1   1  -3   2  -1   2   0   0   1   0   0   0  -2   0   1    4   3   0   0   0  10  11   0   6   0  23   4   1   8   5   7   5   0   3  11  0.11 0.10
  302 E    -3   3   2  -2  -5   0   0  -4  -2  -5  -5   6  -3  -5  -3  -2  -1  -5  -4  -4    0  12   9   0   0   3   2   0   0   0   0  71   0   0   0   0   3   0   0   0  1.13 0.35
  303 G     0   2   1   3  -4  -1  -1   3   3  -4  -4   0  -3  -3  -3   1  -1  -4  -1  -4    6  16   4  20   0   0   0  29   8   0   0   3   0   0   0  10   2   0   2   0  0.41 0.15
  304 K    -1   3  -1  -2  -4   3   1   0  -1   1  -2   2   1  -3   0  -1  -1  -4  -3  -2    3  19   0   0   0  22  11   7   0  12   0  14   5   0   4   2   2   0   0   0  0.29 0.13
  305 E    -2  -1   4   3  -4   1   3  -2   1  -4  -4   3  -3  -4  -2   0   0  -4  -3  -4    0   0  23  19   0   4  22   0   4   0   0  21   0   0   0   2   6   0   0   0  0.55 0.16
  306 F    -2  -1  -2  -3  -2  -2  -2  -4  -2   1   2   0   0   2  -3  -1   2  -2   1   1    0   4   0   0   0   0   0   0   0   8  34   7   0   9   0   0  22   0   5  12  0.22 0.09
  307 R    -2   5  -1  -2  -4   2  -1  -3  -1  -3  -1   1  -2  -3   4  -1  -2  -4  -3  -3    0  60   0   0   0   9   0   0   0   0   6   0   0   0  21   4   0   0   0   0  0.73 0.11
  308 N     0   1   2   0  -2   1   0  -2  -1   0  -1   0  -1  -2  -2   0   1  -3  -2   2   10  13  12   5   0  11   6   0   0   0   0   0   0   0   0   0  13   0   0  29  0.13 0.04
  309 T     0  -2   0  -1  -1  -1  -1  -2  -2  -1  -2  -1  -1  -3  -1   1   6  -3  -2   0    0   0   0   0   0   0   0   0   0   0   0   0   0   0   0   0 100   0   0   0  0.63 0.06

                      K         Lambda
Standard Ungapped    0.1457     0.3342
Standard Gapped      0.0535     0.2670
PSI Ungapped         0.1747     0.3177
PSI Gapped           0.0535     0.2670
