
Last position-specific scoring matrix computed, weighted observed percentages rounded down, information per position, and relative weight of gapless real matches to pseudocounts
            A   R   N   D   C   Q   E   G   H   I   L   K   M   F   P   S   T   W   Y   V   A   R   N   D   C   Q   E   G   H   I   L   K   M   F   P   S   T   W   Y   V
    1 M    -1  -1  -2  -3  -1   0  -2  -3  -2   1   2  -1   6   0  -3  -2  -1  -1  -1   1    0   0   0   0   0   0   0   0   0   0   0   0   0   0   0   0   0   0   0   0  0.00     0.00
    2 V     0  -3  -3  -3  -1  -2  -3  -3  -3   3   1  -2   1  -1  -2  -2   0  -3  -1   4    0   0   0   0   0   0   0   0   0   0   0   0   0   0   0   0   0   0   0   0  0.00     0.00
    3 L    -2  -2  -4  -4  -1  -2  -3  -4  -3   2   4  -3   2   0  -3  -3  -1  -2  -1   1    0   0   0   0   0   0   0   0   0   0   0   0   0   0   0   0   0   0   0   0  0.00     0.00
    4 R    -1   6   0  -2  -4   1   0  -2   0  -3  -2   2  -1  -3  -2  -1  -1  -3  -2  -3    0   0   0   0   0   0   0   0   0   0   0   0   0   0   0   0   0   0   0   0  0.00     0.00
    5 N    -2   0   6   1  -3   0   0   0   1  -3  -4   0  -2  -3  -2   1   0  -4  -2  -3    0   0   0   0   0   0   0   0   0   0   0   0   0   0   0   0   0   0   0   0  0.00     0.00
    6 L    -2  -2  -4  -4  -1  -2  -3  -4  -3   2   4  -3   2   0  -3  -3  -1  -2  -1   1    0   0   0   0   0   0   0   0   0   0   0   0   0   0   0   0   0   0   0   0  0.00     0.00
    7 T     0  -1   0  -1  -1  -1  -1  -2  -2  -1  -1  -1  -1  -2  -1   1   5  -3  -2   0    0   0   0   0   0   0   0   0   0   0   0   0   0   0   0   0   0   0   0   0  0.00     0.00
    8 A     4  -1  -2  -2   0  -1  -1   0  -2  -1  -2  -1  -1  -2  -1   1   0  -3  -2   0    0   0   0   0   0   0   0   0   0   0   0   0   0   0   0   0   0   0   0   0  0.00     0.00
    9 M    -1  -1  -2  -3  -1   0  -2  -3  -2   1   2  -1   6   0  -3  -2  -1  -1  -1   1    0   0   0   0   0   0   0   0   0   0   0   0   0   0   0   0   0   0   0   0  0.00     0.00
   10 A     4  -1  -2  -2   0  -1  -1   0  -2  -1  -2  -1  -1  -2  -1   1   0  -3  -2   0    0   0   0   0   0   0   0   0   0   0   0   0   0   0   0   0   0   0   0   0  0.00     0.00
   11 I    -1  -3  -3  -3  -1  -3  -3  -4  -3   4   2  -3   1   0  -3  -2  -1  -3  -1   3    0   0   0   0   0   0   0   0   0   0   0   0   0   0   0   0   0   0   0   0  0.00     0.00
   12 Y    -2  -2  -2  -3  -3  -1  -2  -3   2  -1  -1  -2  -1   3  -3  -2  -2   2   7  -1    0   0   0   0   0   0   0   0   0   0   0   0   0   0   0   0   0   0   0   0  0.00     0.00
   13 D    -2  -2   1   6  -4   0   2  -1  -1  -3  -4  -1  -3  -4  -2   0  -1  -4  -3  -3    0   0   0   0   0   0   0   0   0   0   0   0   0   0   0   0   0   0   0   0  0.00     0.00
   14 Q    -1   1   0   0  -3   5   2  -2   0  -3  -2   1   0  -3  -1   0  -1  -2  -1  -2    0   0   0   0   0   0   0   0   0   0   0   0   0   0   0   0   0   0   0   0  0.00     0.00
   15 T     0  -1   0  -1  -1  -1  -1  -2  -2  -1  -1  -1  -1  -2  -1   1   5  -3  -2   0    0   0   0   0   0   0   0   0   0   0   0   0   0   0   0   0   0   0   0   0  0.00     0.00
   16 F    -2  -3  -3  -4  -2  -3  -3  -3  -1   0   0  -3   0   6  -4  -2  -2   1   3  -1    0   0   0   0   0   0   0   0   0   0   0   0   0   0   0   0   0   0   0   0  0.00     0.00
   17 V     0  -3  -3  -3  -1  -2  -3  -3  -3   3   1  -2   1  -1  -2  -2   0  -3  -1   4    0   0   0   0   0   0   0   0   0   0   0   0   0   0   0   0   0   0   0   0  0.00     0.00
   18 Y    -2  -2  -2  -3  -3  -1  -2  -3   2  -1  -1  -2  -1   3  -3  -2  -2   2   7  -1    0   0   0   0   0   0   0   0   0   0   0   0   0   0   0   0   0   0   0   0  0.00     0.00
   19 S     1  -1   1   0  -1   0   0   0  -1  -2  -3   0  -2  -2  -1   4   1  -3  -2  -2    0   0   0   0   0   0   0   0   0   0   0   0   0   0   0   0   0   0   0   0  0.00     0.00
   20 S     1  -1   1   0  -1   0   0   0  -1  -2  -3   0  -2  -2  -1   4   1  -3  -2  -2    0   0   0   0   0   0   0   0   0   0   0   0   0   0   0   0   0   0   0   0  0.00     0.00
   21 D    -2  -2   1   6  -4   0   2  -1  -1  -3  -4  -1  -3  -4  -2   0  -1  -4  -3  -3    0   0   0   0   0   0   0   0   0   0   0   0   0   0   0   0   0   0   0   0  0.00     0.00
   22 D    -2  -2   1   7  -4   0   2  -2  -1  -4  -4  -1  -3  -4  -2   0  -1  -5  -4  -4    0   0   0 100   0   0   0   0   0   0   0   0   0   0   0   0   0   0   0   0  0.93 0.00
   23 A     3   4  -1  -2  -2   0  -1  -1  -1  -2  -2   1  -1  -3  -2   0  -1  -3  -2  -1   50  50   0   0   0   0   0   0   0   0   0   0   0   0   0   0   0   0   0   0  0.35 0.00
   24 L    -2  -3  -4  -4  -1  -3  -3  -4  -3   3   3  -3   2   0  -3  -3  -1  -2  -1   2    0   0   0   0   0   0   0   0   0  50  50   0   0   0   0   0   0   0   0   0  0.37 0.00
   25 A     5  -2  -2  -2   0  -1  -1   0  -2  -2  -2  -1  -1  -3  -1   1   0  -3  -2   0  100   0   0   0   0   0   0   0   0   0   0   0   0   0   0   0   0   0   0   0  0.41 0.00
   26 G     3  -2  -1  -2  -1  -1  -2   5  -2  -3  -3  -1  -2  -3  -2   1  -1  -3  -3  -1   50   0   0   0   0   0   0  50   0   0   0   0   0   0   0   0   0   0   0   0  0.52 0.00
   27 M    -1  -2  -3  -4  -2  -1  -3  -4  -2   1   3  -2   5   0  -3  -2  -1  -2  -1   1    0   0   0   0   0   0   0   0   0   0  50   0  50   0   0   0   0   0   0   0  0.35 0.00
   28 V    -1  -3  -4  -4  -1  -2  -3  -4  -3   2   3  -3   2   0  -3  -2  -1  -2  -1   3    0   0   0   0   0   0   0   0   0   0  50   0   0   0   0   0   0   0   0  50  0.32 0.00
   29 V    -1  -3  -3  -4  -1  -3  -3  -4  -4   4   1  -3   1  -1  -3  -2   0  -3  -1   4    0   0   0   0   0   0   0   0   0  50   0   0   0   0   0   0   0   0   0  50  0.35 0.00
   30 S     0  -2   0  -1  -2  -1  -1  -1  -1  -2  -1  -1  -1   4  -2   3   1  -1   1  -2    0   0   0   0   0   0   0   0   0   0   0   0   0  33   0  67   0   0   0   0  0.28 0.02
   31 M    -2  -3  -3  -4  -2  -2  -3  -4  -2   3   2  -3   4   4  -3  -2  -1  -1   1   1    0   0   0   0   0   0   0   0   0  34   0   0  33  33   0   0   0   0   0   0  0.31 0.01
   32 E     0  -1  -1   0  -2   0   3  -3  -2   1  -1  -1  -1  -2  -2   0   3  -3  -2   2    0   0   0   0   0   0  33   0   0   0   0   0   0   0   0   0  33   0   0  34  0.21 0.01
   33 C     0  -3  -1  -2   9  -2  -2  -2  -2  -2  -2  -2  -2  -3  -2   2   0  -3  -3  -1    0   0   0   0  67   0   0   0   0   0   0   0   0   0   0  33   0   0   0   0  0.78 0.02
   34 L    -1  -3  -4  -4  -2  -3  -3  -4  -3   2   2  -3   1   4  -3  -2  -1  -1   1   2    0   0   0   0   0   0   0   0   0   0  33   0   0  33   0   0   0   0   0  34  0.31 0.01
   35 T    -1  -2  -2  -3  -1  -2  -2  -3  -3   3   1  -2   1  -1  -2  -1   3  -3  -2   3    0   0   0   0   0   0   0   0   0  33   0   0   0   0   0   0  33   0   0  34  0.24 0.01
   36 G     0  -3  -1  -2  -3  -2  -2   6  -2  -4  -4  -2  -3  -4  -3   0  -2  -3  -4  -4    0   0   0   0   0   0   0 100   0   0   0   0   0   0   0   0   0   0   0   0  1.08 0.02
   37 L    -2  -3  -4  -4  -2  -3  -3  -4  -3   1   4  -3   2   4  -4  -3  -2  -1   1   0    0   0   0   0   0   0   0   0   0   0  67   0   0  33   0   0   0   0   0   0  0.42 0.01
   38 F     2  -3  -3  -3  -2  -3  -3  -2  -2  -1   0  -2   0   6  -3  -1  -1   0   2  -1   33   0   0   0   0   0   0   0   0   0   0   0   0  67   0   0   0   0   0   0  0.41 0.02
   39 L    -1  -3  -2  -3   6  -3  -3   3  -3  -1   1  -3   0  -2  -3  -1  -1  -2  -2  -1    0   0   0   0  33   0   0  34   0   0  33   0   0   0   0   0   0   0   0   0  0.40 0.01
   40 L    -2  -1   5   0  -2  -1  -1  -1   0  -1   1  -1   0  -2  -3   0   0  -3  -2  -1    0   0  67   0   0   0   0   0   0   0  33   0   0   0   0   0   0   0   0   0  0.36 0.02
   41 V    -1  -2  -2  -3  -1  -2  -2  -3  -2   1   0  -2   0   4  -3  -1   2  -1   1   2    0   0   0   0   0   0   0   0   0   0   0   0   0  34   0   0  33   0   0  33  0.23 0.01
   42 A     2  -2  -3  -3  -1  -2  -2  -2  -2   0   2  -2   1   4  -3  -1  -1  -1   1   0   33   0   0   0   0   0   0   0   0   0  34   0   0  33   0   0   0   0   0   0  0.22 0.01
   43 V    -1  -3  -3  -4  -1  -3  -3  -4  -4   4   1  -3   1  -1  -3  -2   0  -3  -1   4    0   0   0   0   0   0   0   0   0  33   0   0   0   0   0   0   0   0   0  67  0.36 0.01
   44 I     2  -2  -3  -3  -1  -1  -2  -2  -2   2   1  -2   4  -1  -2  -1  -1  -2  -2   1   33   0   0   0   0   0   0   0   0  33   0   0  34   0   0   0   0   0   0   0  0.18 0.01
   45 I    -2  -3  -3  -4  -2  -3  -3  -4   0   2   0  -3   0   5  -4  -2  -2   1   5   1    0   0   0   0   0   0   0   0   0  33   0   0   0  33   0   0   0   0  34   0  0.44 0.01
   46 G    -1  -2  -2  -3  -2  -2  -3   3   0   0  -1  -2  -1   1  -3  -1  -1   0   4   2    0   0   0   0   0   0   0  33   0   0   0   0   0   0   0   0   0   0  33  34  0.27 0.01
   47 C    -1  -4  -4  -4   6  -3  -4  -4  -4   4   1  -3   1  -1  -3  -2  -1  -3  -2   2    0   0   0   0  33   0   0   0   0  67   0   0   0   0   0   0   0   0   0   0  0.45 0.02
   48 F    -1   3  -2  -3  -2  -1  -2  -3  -2   1   0   0   0   4  -3  -2  -1  -1   1   2    0  33   0   0   0   0   0   0   0   0   0   0   0  33   0   0   0   0   0  34  0.21 0.01
   49 R    -2   6  -1  -2  -4   1   0  -3   0  -3  -3   2  -2  -3  -2  -1  -1  -3  -2  -3    0 100   0   0   0   0   0   0   0   0   0   0   0   0   0   0   0   0   0   0  0.80 0.02
   50 I    -2  -3  -3  -4  -2  -2  -3  -4  -1   2   2  -3   1   2  -3  -2  -1   0   4   1    0   0   0   0   0   0   0   0   0  33  33   0   0   0   0   0   0   0  34   0  0.33 0.01
   51 A     2  -1   0  -1  -1  -1  -1  -1  -2  -2  -2  -1  -1  -3  -1   3   3  -3  -2  -1   33   0   0   0   0   0   0   0   0   0   0   0   0   0   0  33  34   0   0   0  0.32 0.01
   52 A     2   0  -2  -2  -2   0  -1  -1  -2   0   2   2   0  -1  -2   0  -1  -3  -2   0   33   0   0   0   0   0   0   0   0   0  33  34   0   0   0   0   0   0   0   0  0.13 0.01
   53 L    -2  -2  -3  -4  -2  -2  -3  -4  -3   2   4  -2   4   0  -3  -2  -1  -2  -1   1    0   0   0   0   0   0   0   0   0   0  66   0  34   0   0   0   0   0   0   0  0.40 0.01
   54 K    -1   4   0  -1  -4   1   1  -2  -1  -3  -3   5  -2  -3  -2   0  -1  -3  -2  -3    0  33   0   0   0   0   0   0   0   0   0  67   0   0   0   0   0   0   0   0  0.55 0.02
   55 S     0  -1   4   0  -2   0  -1  -1  -1  -2  -3   0  -2  -3  -1   3   3  -3  -2  -1    0   0  33   0   0   0   0   0   0   0   0   0   0   0   0  33  34   0   0   0  0.38 0.01
   56 P     2  -2  -1  -1  -1  -1  -1  -1  -2  -2  -3  -1  -2  -3   5   2   0  -3  -2  -1   34   0   0   0   0   0   0   0   0   0   0   0   0   0  33  33   0   0   0   0  0.60 0.01
   57 F    -2  -2  -2  -3  -2  -2  -3  -3  -2   0   0  -2   0   6  -3  -1   2   0   2  -1    0   0   0   0   0   0   0   0   0   0   0   0   0  66   0   0  34   0   0   0  0.42 0.02
   58 G     0  -2   4   0  -3  -1  -2   5  -1  -4  -4  -1  -3  -4  -2   0  -1  -3  -3  -4    0   0  34   0   0   0   0  66   0   0   0   0   0   0   0   0   0   0   0   0  0.72 0.01
   59 I    -2   3  -2  -3  -2  -1  -2  -4  -2   4   1   0   1  -1  -3  -2  -1  -3  -2   2    0  33   0   0   0   0   0   0   0  67   0   0   0   0   0   0   0   0   0   0  0.24 0.01
   60 L    -2  -2  -3  -4  -2  -2  -3  -4  -1   1   3  -3   1   2  -3  -3  -2   0   5   0    0   0   0   0   0   0   0   0   0   0  66   0   0   0   0   0   0   0  34   0  0.39 0.01
   61 M    -1  -2  -3  -4  -2  -2  -3  -4  -3   3   3  -2   4   0  -3  -2  -1  -2  -1   2    0   0   0   0   0   0   0   0   0  34  33   0  33   0   0   0   0   0   0   0  0.33 0.01
   62 I    -2  -1  -2  -2  -2   3  -1  -3  -1   2   0  -1   0   4  -3  -2  -1  -1   1   1    0   0   0   0   0  33   0   0   0  33   0   0   0  34   0   0   0   0   0   0  0.21 0.01
   63 N    -2  -1   5   0  -2  -1  -1  -1   0  -1   1  -1   0  -2  -3   0   0  -3  -2  -1    0   0  67   0   0   0   0   0   0   0  33   0   0   0   0   0   0   0   0   0  0.35 0.02
   64 Q    -1   0  -1  -1  -3   5   1  -3   0  -1   2   0   1  -2  -2  -1  -1  -2  -2  -1    0   0   0   0   0  66   0   0   0   0  34   0   0   0   0   0   0   0   0   0  0.34 0.02
   65 N     4  -1   3  -1  -1  -1  -1   0  -1  -2  -2  -1  -2  -3  -1   1   0  -3  -2  -1   67   0  33   0   0   0   0   0   0   0   0   0   0   0   0   0   0   0   0   0  0.33 0.01
   66 C     2  -3  -3  -3   6  -2  -3  -2  -3   0   2  -2   0  -1  -2   0  -1  -2  -2   0   33   0   0   0  33   0   0   0   0   0  34   0   0   0   0   0   0   0   0   0  0.33 0.01
   67 A     4  -2  -1  -2  -1  -1  -1   4  -2  -2  -2  -1  -2  -3  -1   1  -1  -3  -2  -1   67   0   0   0   0   0   0  33   0   0   0   0   0   0   0   0   0   0   0   0  0.44 0.01
   68 Q    -2  -1   1   6  -4   3   2  -2  -1  -3  -4   0  -2  -4  -2   0  -1  -4  -3  -3    0   0   0  67   0  33   0   0   0   0   0   0   0   0   0   0   0   0   0   0  0.69 0.02
   69 L     4  -2  -2  -3  -1  -1  -2  -1  -2   0   2  -1   0  -1  -2   0   0  -3  -2   0   67   0   0   0   0   0   0   0   0   0  33   0   0   0   0   0   0   0   0   0  0.24 0.01
   70 M    -1  -2  -3  -4  -1  -2  -3  -4  -3   2   3  -2   4   0  -3  -2  -1  -2  -1   2    0   0   0   0   0   0   0   0   0   0  34   0  33   0   0   0   0   0   0  33  0.30 0.01
   71 A     2  -1  -1  -2  -1  -1  -1  -1  -1  -1   0  -1   0   4  -1   0  -1   0   1   0   35   2   2   2   1   1   2   3   1   2   3   2   1  34   2   2   2   0   1   2  0.13 0.00
   72 C     0  -3  -3  -4   6  -3  -3  -3  -4   2   0  -3   0  -2  -3  -2   0  -3  -2   3    0   0   0   0  33   0   0   0   0   0   0   0   0   0   0   0   0   0   0  67  0.43 0.02
   73 I    -1  -2  -2  -3  -1  -2  -2  -3  -3   3   2  -2   1  -1  -2  -1   3  -3  -2   1    0   0   0   0   0   0   0   0   0  33  33   0   0   0   0   0  34   0   0   0  0.23 0.01
   74 N     0  -1   4   0  -2  -1  -1  -1  -1   0  -1  -1  -1  -2  -2   2   1  -4  -2   2    0   0  33   0   0   0   0   0   0   0   0   0   0   0   0  34   0   0   0  33  0.20 0.01
   75 S     0  -2  -1  -2  -2  -1  -1  -2  -2  -2  -2  -1  -1  -1  -2   2   3   8   0  -2    0   0   0   0   0   0   0   0   0   0   0   0   0   0   0  33  34  33   0   0  0.66 0.02
   76 G     2  -2  -2  -2  -1  -2  -2   3  -2   0   2  -2   0  -1  -2   0  -1  -3  -2   0   33   0   0   0   0   0   0  33   0   0  34   0   0   0   0   0   0   0   0   0  0.24 0.01
   77 S     0  -2  -1  -2  -2  -1  -1  -2  -2  -2  -1  -1  -1   4   5   2   0  -1   1  -2    0   0   0   0   0   0   0   0   0   0   0   0   0  33  34  33   0   0   0   0  0.54 0.01
   78 F    -2  -3  -3  -4  -3  -3  -3  -4   0  -1   0  -3   0   6  -4  -2  -2   1   5  -1    0   0   0   0   0   0   0   0   0   0   0   0   0  67   0   0   0   0  33   0  0.72 0.02
   79 S     0  -1  -1  -1  -2   3   0  -2  -1  -2  -1   0  -1   4  -2   2   0  -1   1  -2    0   0   0   0   0  34   0   0   0   0   0   0   0  33   0  33   0   0   0   0  0.24 0.01
   80 T     3  -1   0  -1  -1  -1  -1  -1  -2  -2  -2  -1  -1  -3  -1   3   3  -3  -2  -1   33   0   0   0   0   0   0   0   0   0   0   0   0   0   0  34  33   0   0   0  0.32 0.01
   81 L    -1  -3  -3  -3  -2  -2  -2  -3  -3   1   2  -2   1  -1   5  -2  -1  -3  -2   2    0   0   0   0   0   0   0   0   0   0  33   0   0   0  33   0   0   0   0  34  0.50 0.01
   82 G    -1  -2   3  -1  -2  -1  -2   3  -1   0  -2  -1  -1  -2  -2   0  -1  -3  -2   1    0   0  34   0   0   0   0  33   0   0   0   0   0   0   0   0   0   0   0  33  0.26 0.01
   83 V    -1  -2  -3  -4  -2  -2  -3  -4  -1   1   2  -2   1   1  -3  -2  -1   0   4   2    0   0   0   0   0   0   0   0   0   0  33   0   0   0   0   0   0   0  34  33  0.30 0.01
   84 L    -2  -3  -4  -4  -2  -3  -3  -4  -3   1   4  -3   2   4  -4  -3  -2  -1   1   0    0   0   0   0   0   0   0   0   0   0  67   0   0  33   0   0   0   0   0   0  0.42 0.01
   85 L    -2  -2  -3  -4  -2  -2  -3  -4  -2   1   3  -3   4   4  -3  -2  -1  -1   1   0    0   0   0   0   0   0   0   0   0   0  33   0  34  33   0   0   0   0   0   0  0.35 0.01
   86 N    -1  -2   4   4  -3  -1   0   3  -1  -4  -4  -1  -3  -4  -2   0  -1  -4  -3  -4    0   0  33  33   0   0   0  34   0   0   0   0   0   0   0   0   0   0   0   0  0.55 0.01
   87 I    -1  -3  -2  -3  -1  -2  -3  -3  -3   4   1  -2   1  -1  -2  -1   3  -3  -2   2    0   0   0   0   0   0   0   0   0  66   0   0   0   0   0   0  34   0   0   0  0.26 0.01
   88 K    -1   1  -1  -2  -3   0   0  -2  -1  -3  -3   4  -2  -1  -2  -1  -1   9   0  -3    0   0   0   0   0   0   0   0   0   0   0  66   0   0   0   0   0  34   0   0  0.76 0.02
   89 P    -1  -3  -2  -2  -3  -2  -1  -3  -3  -3  -3  -1  -3  -4   8  -1  -1  -4  -3  -3    0   0   0   0   0   0   0   0   0   0   0   0   0   0 100   0   0   0   0   0  2.08 0.03
   90 V    -1  -3  -4  -4  -2  -3  -3  -4  -3   2   2  -3   1   4  -3  -2  -1  -1   1   2    0   0   0   0   0   0   0   0   0   0  33   0   0  34   0   0   0   0   0  33  0.32 0.01
   91 L    -1  -3  -2  -3  -2  -2  -3   3  -3   1   3  -2   1   0  -3  -2  -2  -2  -2   0    0   0   0   0   0   0   0  34   0   0  66   0   0   0   0   0   0   0   0   0  0.31 0.01
   92 S     2  -1   0  -1  -1  -1  -1  -1  -2  -2  -2  -1  -1  -3  -1   3   3  -3  -2  -1   33   0   0   0   0   0   0   0   0   0   0   0   0   0   0  33  34   0   0   0  0.32 0.01
   93 I    -2  -3  -4  -4  -1  -3  -4  -4  -4   5   2  -3   1   0  -3  -3  -1  -3  -2   3    0   0   0   0   0   0   0   0   0 100   0   0   0   0   0   0   0   0   0   0  0.43 0.02
   94 S     2  -2  -1  -2  -1  -1  -1  -1  -2   0   2  -1   0  -1  -2   2   0  -3  -2   0   33   0   0   0   0   0   0   0   0   0  34   0   0   0   0  33   0   0   0   0  0.17 0.01
   95 Y     2  -2  -2  -3   7  -2  -2  -2   0  -2  -1  -2  -1   1  -2   0  -1   0   4  -1   33   0   0   0  34   0   0   0   0   0   0   0   0   0   0   0   0   0  33   0  0.43 0.01
   96 L    -1   4  -1  -2  -3   0   0  -3  -1  -1   1   3   0  -2  -2  -1  -1  -3  -2  -1    0  33   0   0   0   0   0   0   0   0  33  34   0   0   0   0   0   0   0   0  0.27 0.01
   97 F    -2  -3  -4  -4  -2  -4  -4  -4  -2   2   1  -3   0   6  -4  -3  -2   0   2   1    0   0   0   0   0   0   0   0   0  34   0   0   0  66   0   0   0   0   0   0  0.49 0.02
   98 G     2  -2  -2  -2  -1  -2  -2   3  -3   0  -1  -2  -1  -2  -2   0  -1  -3  -2   2   33   0   0   0   0   0   0  33   0   0   0   0   0   0   0   0   0   0   0  34  0.26 0.01
   99 N     0   0   4   0  -2   3   1  -1   0  -3  -3   0  -1  -3  -2   2   0  -3  -2  -3    0   0  33   0   0  33   0   0   0   0   0   0   0   0   0  34   0   0   0   0  0.40 0.01
  100 F    -2  -3  -4  -4  -2  -3  -4  -4  -3   3   3  -3   1   4  -3  -3  -1  -1   1   1    0   0   0   0   0   0   0   0   0  34  33   0   0  33   0   0   0   0   0   0  0.35 0.01
  101 S     0  -2   0   4   6  -1   0  -1  -2  -2  -3  -1  -2  -3  -2   2   0  -3  -3  -2    0   0   0  34  33   0   0   0   0   0   0   0   0   0   0  33   0   0   0   0  0.46 0.01
  102 I    -2  -3  -3  -4  -2  -2  -3  -4  -1   2   2  -3   1   2  -3  -2  -1   0   4   1    0   0   0   0   0   0   0   0   0  33  33   0   0   0   0   0   0   0  34   0  0.33 0.01
  103 F    -2  -3  -3  -4  -2  -3  -3  -4   0   2   0  -3   0   5  -4  -2  -2   1   5   1    0   0   0   0   0   0   0   0   0  33   0   0   0  33   0   0   0   0  34   0  0.44 0.01
  104 L    -1  -2   3  -1   6  -2  -2  -2  -1   0   2  -2   0  -1  -3  -1  -1  -3  -2  -1    0   0  34   0  33   0   0   0   0   0  33   0   0   0   0   0   0   0   0   0  0.33 0.01
  105 L    -2  -2  -3  -4  -2  -1  -3  -4   0   1   3  -2   4   2  -3  -2  -1   0   4   0    0   0   0   0   0   0   0   0   0   0  33   0  34   0   0   0   0   0  33   0  0.34 0.01
  106 P     0  -2   0   4  -2  -1   0  -1  -2  -3  -3  -1  -3  -4   5   2   0  -4  -3  -3    0   0   0  33   0   0   0   0   0   0   0   0   0   0  33  34   0   0   0   0  0.67 0.01
  107 V    -1  -2  -2  -3  -1  -2  -2  -3  -3   3   1  -2   0  -1  -2   0   3  -3  -2   3    0   0   0   0   0   0   0   0   0  33   0   0   0   0   0   0  34   0   0  33  0.24 0.01
  108 I     1  -2   0  -1  -1  -1  -1  -1  -2   2  -1  -1   0  -2  -2   3   1  -3  -2   0    0   0   0   0   0   0   0   0   0  33   0   0   0   0   0  67   0   0   0   0  0.21 0.01
  109 L    -2  -3  -4  -4  -1  -3  -4  -4  -4   4   3  -3   2   0  -3  -3  -1  -3  -1   2    0   0   0   0   0   0   0   0   0  67  33   0   0   0   0   0   0   0   0   0  0.38 0.01
  110 I    -2  -3  -3  -4  -2  -3  -3  -4   0   2   0  -3   0   5  -4  -2  -2   1   5   1    0   0   0   0   0   0   0   0   0  33   0   0   0  34   0   0   0   0  33   0  0.44 0.01
  111 S     0  -1   0  -1  -1  -1  -1  -1  -2  -1  -2  -1  -1  -3  -1   3   5  -3  -2  -1    0   0   0   0   0   0   0   0   0   0   0   0   0   0   0  33  67   0   0   0  0.42 0.02
  112 F    -2  -2  -2  -3  -2  -1  -2  -3   5   0   2  -2   1   4  -3  -2  -2  -1   2  -1    0   0   0   0   0   0   0   0  33   0  34   0   0  33   0   0   0   0   0   0  0.33 0.01
  113 L    -1  -3  -4  -4   7  -3  -4  -4  -3   1   3  -3   1   0  -3  -2  -1  -2  -2   0    0   0   0   0  34   0   0   0   0   0  66   0   0   0   0   0   0   0   0   0  0.48 0.01
  114 L    -1  -2  -2  -3  -1  -2  -2  -3  -3   2   2  -2   1  -1  -2   0   3  -3  -1   2    0   0   0   0   0   0   0   0   0   0  33   0   0   0   0   0  34   0   0  33  0.22 0.01
  115 M    -1  -2  -3  -4  -2  -1  -3  -3  -2   3   2  -2   6   0  -3  -2  -1  -2  -1   2    0   0   0   0   0   0   0   0   0  33   0   0  67   0   0   0   0   0   0   0  0.34 0.02
  116 S     1  -1   1   0  -1   0   0   0  -1  -3  -3   0  -2  -3  -1   5   1  -3  -2  -2    0   0   0   0   0   0   0   0   0   0   0   0   0   0   0 100   0   0   0   0  0.49 0.02
  117 F    -1  -3  -4  -4  -2  -3  -3  -4  -3   2   2  -3   1   4  -3  -2  -1  -1   1   2    0   0   0   0   0   0   0   0   0   0  33   0   0  33   0   0   0   0   0  34  0.31 0.01
  118 N    -2  -1   6   4  -3   0   0  -1   0  -4  -4   0  -3  -4  -2   0   0  -4  -3  -3    0   0  66  34   0   0   0   0   0   0   0   0   0   0   0   0   0   0   0   0  0.68 0.02
  119 R    -2   6  -1  -2  -4   1   0  -3   0  -3  -3   2  -2  -3  -2  -1  -1  -3  -2  -3    0 100   0   0   0   0   0   0   0   0   0   0   0   0   0   0   0   0   0   0  0.80 0.02
  120 F    -2  -3  -3  -4  -3  -3  -3  -4   0  -1   0  -3   0   6  -4  -2  -2   2   5  -1    0   0   0   0   0   0   0   0   0   0   0   0   0  66   0   0   0   0  34   0  0.72 0.02
  121 C    -1  -4  -4  -4   6  -3  -4  -4  -4   4   1  -3   1  -1  -3  -2  -1  -3  -2   2    0   0   0   0  33   0   0   0   0  67   0   0   0   0   0   0   0   0   0   0  0.45 0.02
  122 A     4  -1  -1  -1  -1  -1  -1   0  -2  -2  -2  -1  -1  -3  -1   3   1  -3  -2  -1   67   0   0   0   0   0   0   0   0   0   0   0   0   0   0  33   0   0   0   0  0.37 0.01
  123 C    -1  -3  -3  -4   6  -3  -3  -4  -3   1   2  -3   1  -1  -3  -2  -1  -3  -2   2    0   0   0   0  33   0   0   0   0   0  33   0   0   0   0   0   0   0   0  34  0.39 0.01
  124 F    -2  -3  -3  -4   6  -3  -3  -3   0  -1  -1  -3  -1   4  -4  -2  -2   1   5  -1    0   0   0   0  34   0   0   0   0   0   0   0   0  33   0   0   0   0  33   0  0.60 0.02
  125 F    -2  -2  -1  -3  -3  -2  -2  -3   5  -1   0  -2  -1   6  -4  -2  -2   0   3  -2    0   0   0   0   0   0   0   0  34   0   0   0   0  66   0   0   0   0   0   0  0.56 0.02
  126 P    -1  -3  -2  -2  -3  -2  -1  -3  -3  -3  -3  -1  -3  -4   8  -1  -1  -4  -3  -3    0   0   0   0   0   0   0   0   0   0   0   0   0   0 100   0   0   0   0   0  2.08 0.03
  127 L    -1  -2  -2  -3  -1  -2  -2  -3  -3   2   2  -2   1  -1  -2   0   3  -3  -1   2    0   0   0   0   0   0   0   0   0   0  33   0   0   0   0   0  33   0   0  34  0.22 0.01
  128 R     0   4   0  -1  -3   1   0  -1  -1  -3  -3   3  -2  -3  -1   2   0  -3  -2  -2    0  33   0   0   0   0   0   0   0   0   0  34   0   0   0  33   0   0   0   0  0.39 0.01
  129 Y     2  -2  -2  -3  -2  -1  -2  -2   1  -2  -1  -2  -1   2  -2  -1  -1   1   6  -1   34   0   0   0   0   0   0   0   0   0   0   0   0   0   0   0   0   0  66   0  0.50 0.02
  130 Q    -1   0  -1  -1  -3   5   1  -3   0  -1   2   0   1  -2  -2  -1  -1  -2  -2  -1    0   0   0   0   0  66   0   0   0   0  34   0   0   0   0   0   0   0   0   0  0.34 0.02
  131 N    -2  -1   6   4  -3   0   0  -1   0  -4  -4   0  -3  -4  -2   0   0  -4  -3  -3    0   0  66  34   0   0   0   0   0   0   0   0   0   0   0   0   0   0   0   0  0.68 0.02
  132 L    -2  -3  -4  -4  -2  -3  -4  -4  -3   3   3  -3   1   4  -4  -3  -2  -1   1   1    0   0   0   0   0   0   0   0   0  33  33   0   0  34   0   0   0   0   0   0  0.35 0.01
  133 F    -2   3  -2  -3  -3  -1  -2  -3  -1  -1   0   0  -1   6  -3  -2  -2   0   2  -2    0  34   0   0   0   0   0   0   0   0   0   0   0  66   0   0   0   0   0   0  0.46 0.02
  134 S     0  -1   0  -1  -1  -1  -1  -1  -2  -1  -2  -1  -1  -3  -1   3   5  -3  -2  -1    0   0   0   0   0   0   0   0   0   0   0   0   0   0   0  33  67   0   0   0  0.42 0.02
  135 S     0  -1   0   0  -3   0   3  -2  -1  -3  -3   0  -2  -3   5   2   0  -4  -3  -2    0   0   0   0   0   0  33   0   0   0   0   0   0   0  34  33   0   0   0   0  0.66 0.01
  136 S     0   5   0  -1  -3   1   0  -2  -1  -3  -3   2  -2  -3  -2   2   0  -3  -2  -3    0  67   0   0   0   0   0   0   0   0   0   0   0   0   0  33   0   0   0   0  0.50 0.02
  137 M    -2  -2   3  -1  -2  -1  -2  -2  -1   0   0  -2   3   4  -3  -1  -1  -1   1  -1    0   0  34   0   0   0   0   0   0   0   0   0  33  33   0   0   0   0   0   0  0.23 0.01
  138 I     2  -2  -2  -2  -1  -1  -2  -1  -2   2   0  -1   0  -2  -2   1   3  -3  -2   1   34   0   0   0   0   0   0   0   0  33   0   0   0   0   0   0  33   0   0   0  0.18 0.01
  139 R    -1   4   0  -1  -2   1   0  -1   0  -2  -2   3  -1  -2  -1   0  -1  -2  -1  -2    3  34   1   2   1   1   2   2   1   2   3  36   1   1   2   2   2   0   1   2  0.29 0.00
  140 T    -1  -2  -1  -2  -1  -1  -2  -3  -2   2   0  -1   0  -2  -2   1   4  -3  -2   1    0   0   0   0   0   0   0   0   0  34   0   0   0   0   0   0  66   0   0   0  0.29 0.02
  141 F    -2  -3  -4  -4  -2  -4  -4  -4  -2   2   1  -3   0   6  -4  -3  -2   0   2   1    0   0   0   0   0   0   0   0   0  34   0   0   0  66   0   0   0   0   0   0  0.49 0.02
  142 I    -2  -2   3  -1  -2  -2  -2  -2  -1   2   2  -2   1  -1  -3  -1  -1  -3  -2   1    0   0  34   0   0   0   0   0   0  33  33   0   0   0   0   0   0   0   0   0  0.19 0.01
  143 V    -1  -3  -3  -4  -1  -3  -3  -4  -4   4   1  -3   1  -1  -3  -2   0  -3  -1   4    0   0   0   0   0   0   0   0   0  33   0   0   0   0   0   0   0   0   0  67  0.36 0.01
  144 F    -1  -4  -3  -4   9  -3  -4  -3  -3  -1  -1  -4  -1   4  -4  -2  -1  -1   0  -1    0   0   0   0  67   0   0   0   0   0   0   0   0  33   0   0   0   0   0   0  0.83 0.02
  145 N     0  -1   6   1  -2   0   0  -1   0  -3  -4   0  -2  -3  -2   3   0  -4  -2  -3    0   0  67   0   0   0   0   0   0   0   0   0   0   0   0  33   0   0   0   0  0.54 0.02
  146 W    -2  -3  -4  -4  -2  -3  -3  -3  -3   2   0  -3   0   1  -4  -3  -2  11   1   0    0   0   0   0   0   0   0   0   0  33   0   0   0   0   0   0   0  67   0   0  1.42 0.03
  147 L    -2  -3  -4  -4  -1  -3  -4  -4  -4   4   3  -3   2   0  -3  -3  -1  -3  -1   2    0   0   0   0   0   0   0   0   0  67  33   0   0   0   0   0   0   0   0   0  0.38 0.01
  148 L    -2  -3  -4  -4  -2  -3  -3  -4  -3   1   4  -3   2   4  -4  -3  -2  -1   1   0    0   0   0   0   0   0   0   0   0   0  67   0   0  33   0   0   0   0   0   0  0.42 0.01
  149 S     1  -1   0  -1  -1  -1  -1  -1  -2   0  -1  -1  -1  -2  -1   3   1  -3  -2   2    0   0   0   0   0   0   0   0   0   0   0   0   0   0   0  67   0   0   0  33  0.24 0.01
  150 L     1  -1   0  -1  -1  -1  -1  -1  -2  -1   1  -1   0  -1  -2   3   1  -3  -2  -1    0   0   0   0   0   0   0   0   0   0  33   0   0   0   0  67   0   0   0   0  0.22 0.01
  151 V     2  -2  -3  -3  -1  -2  -2  -2  -2   1   0  -2   0   4  -2  -1  -1  -1   1   2   34   0   0   0   0   0   0   0   0   0   0   0   0  33   0   0   0   0   0  33  0.20 0.01
  152 A     2  -3  -2  -2  -1  -2  -2   3  -3   2   0  -2   0  -2  -2   0  -1  -3  -2   1   33   0   0   0   0   0   0  33   0  34   0   0   0   0   0   0   0   0   0   0  0.24 0.01
  153 G    -1  -3  -1  -2  -3  -3  -3   5  -2  -2  -2  -2  -2   4  -3  -1  -2  -1   0  -3    0   0   0   0   0   0   0  67   0   0   0   0   0  33   0   0   0   0   0   0  0.61 0.01
  154 S     0  -1   0  -1  -1  -1  -1  -1  -2  -1   2  -1   0  -1  -2   3   1  -3  -2  -1    0   0   0   0   0   0   0   0   0   0  34   0   0   0   0  66   0   0   0   0  0.22 0.01
  155 Y    -2  -3  -3  -3  -3  -2  -2  -3   0  -3  -2  -2  -2   1   5  -2  -2   9   5  -2    0   0   0   0   0   0   0   0   0   0   0   0   0   0  34   0   0  33  33   0  1.11 0.02
  156 L    -1  -3  -4  -4  -2  -3  -3  -4  -3   2   2  -3   1   4  -3  -2  -1  -1   1   2    0   0   0   0   0   0   0   0   0   0  33   0   0  33   0   0   0   0   0  34  0.31 0.01
  157 V    -1  -2  -3  -4  -1  -2  -3  -4  -3   2   3  -2   4   0  -3  -2  -1  -2  -1   2    0   0   0   0   0   0   0   0   0   0  33   0  34   0   0   0   0   0   0  33  0.30 0.01
  158 V    -1  -3  -3  -4  -1  -3  -3  -4  -3   2   1  -3   0   4  -3  -2  -1  -1   1   3    0   0   0   0   0   0   0   0   0   0   0   0   0  34   0   0   0   0   0  66  0.32 0.01
  159 V    -1  -3  -3  -4  -1  -2  -3  -4  -3   3   2  -2   4   0  -3  -2  -1  -3  -1   3    0   0   0   0   0   0   0   0   0  33   0   0  34   0   0   0   0   0   0  33  0.30 0.01
  160 R     2   5  -1  -2  -2   0   0  -1  -1  -3  -2   2  -1  -3  -2   0  -1  -3  -2  -2   34  66   0   0   0   0   0   0   0   0   0   0   0   0   0   0   0   0   0   0  0.45 0.01
  161 E    -2  -1   1   6  -4   1   4  -2  -1  -4  -4   0  -3  -4  -2   0  -1  -4  -3  -3    0   0   0  67   0   0  33   0   0   0   0   0   0   0   0   0   0   0   0   0  0.77 0.02
  162 C    -1  -4  -3  -4  10  -3  -4  -3  -4  -2  -2  -4  -2  -3  -3  -1  -1  -3  -3  -1    0   0   0   0 100   0   0   0   0   0   0   0   0   0   0   0   0   0   0   0  1.33 0.03
  163 N    -1   0   4   0  -2   3   0  -1   0  -2  -2   0  -1  -3  -2   1   3  -3  -2  -2    0   0  33   0   0  33   0   0   0   0   0   0   0   0   0   0  34   0   0   0  0.37 0.01
  164 F    -2  -2  -3  -4  -2  -2  -3  -4  -2   1   3  -3   4   4  -3  -2  -1  -1   1   0    0   0   0   0   0   0   0   0   0   0  34   0  33  33   0   0   0   0   0   0  0.35 0.01
  165 V     0  -2  -1  -2  -2  -2  -2   3  -3   0  -1  -2  -1  -2  -2   0   3  -3  -2   2    0   0   0   0   0   0   0  33   0   0   0   0   0   0   0   0  34   0   0  33  0.25 0.01
  166 F    -3  -3  -4  -4  -3  -4  -4  -4  -2   0   0  -4   0   7  -4  -3  -2   1   3  -1    0   0   0   0   0   0   0   0   0   0   0   0   0 100   0   0   0   0   0   0  0.81 0.02
  167 Y     0  -1   0  -1  -2  -1  -1  -1   0  -2  -2  -1  -2   1  -2   4   1   0   4  -2    0   0   0   0   0   0   0   0   0   0   0   0   0   0   0  67   0   0  33   0  0.35 0.02
  168 H    -2  -1   0  -2  -3   0  -1  -3   7   2  -1  -1  -1  -1  -3  -2  -2  -3   1   0    0   0   0   0   0   0   0   0  67  33   0   0   0   0   0   0   0   0   0   0  0.47 0.02
  169 F    -1  -3  -3  -2  -3  -2  -2  -3  -2  -2  -2  -2  -2   4   7  -1  -2  -2   0  -2    0   0   0   0   0   0   0   0   0   0   0   0   0  33  67   0   0   0   0   0  1.22 0.02
  170 G     0   3   0  -1  -2   0  -1   3  -1  -3  -3   1  -2  -3  -2   2   0  -3  -2  -3    0  33   0   0   0   0   0  33   0   0   0   0   0   0   0  34   0   0   0   0  0.38 0.01
  171 W    -3  -3  -4  -5  -3  -2  -3  -3  -3  -3  -2  -4  -2   1  -4  -3  -3  12   2  -3    0   0   0   0   0   0   0   0   0   0   0   0   0   0   0   0   0 100   0   0  2.45 0.04
  172 L    -2  -2  -3  -4  -2  -1  -3  -4   0   1   3  -2   4   2  -3  -2  -1   0   5   0    0   0   0   0   0   0   0   0   0   0  33   0  33   0   0   0   0   0  34   0  0.34 0.01
  173 F    -2  -3  -4  -4  -2  -3  -3  -4  -2   0   2  -3   1   4  -4  -3  -2   9   2  -1    0   0   0   0   0   0   0   0   0   0  33   0   0  33   0   0   0  34   0   0  0.80 0.02
  174 A     2   0  -1   0  -1   1   3  -1  -1  -2  -2   0  -1  -2   0   0   0  -2  -1  -1   35   2   1   2   1   1  36   2   1   2   3   2   1   1   2   2   2   0   1   2  0.20 0.00
  175 G    -1  -2   4   4  -3  -1   0   3  -1  -4  -4  -1  -3  -4  -2   0  -1  -4  -3  -4    0   0  34  33   0   0   0  33   0   0   0   0   0   0   0   0   0   0   0   0  0.55 0.01
  176 S    -1  -2  -1  -2  -2  -1  -2  -2   0   0   2  -2   0   1  -2   2   0   0   4  -1    0   0   0   0   0   0   0   0   0   0  34   0   0   0   0  33   0   0  33   0  0.21 0.01
  177 V    -1  -3  -4  -4  -1  -3  -3  -4  -3   2   3  -3   1   0  -3  -2  -1  -3  -1   4    0   0   0   0   0   0   0   0   0   0  34   0   0   0   0   0   0   0   0  66  0.33 0.01
  178 S     1   1   0  -1  -2   0   0  -1  -1  -3  -3   3  -2  -3  -1   4   1  -3  -2  -2    0   0   0   0   0   0   0   0   0   0   0  34   0   0   0  66   0   0   0   0  0.36 0.01
  179 V     0  -1  -1  -1  -1  -1  -1  -2  -2   1   0  -1   0  -1   5  -1   0  -2  -1   2    3   2   2   2   1   1   2   3   1   2   3   2   1   1  35   2   2   0   1  35  0.42 0.00
  180 K    -1   1  -1  -1  -2   0   0  -1  -1  -2  -2   3  -1  -2   5   0  -1  -2  -2  -2    3   2   2   2   1   1   2   3   1   2   3  35   1   1  35   2   2   0   1   2  0.50 0.01
  181 C     0  -2  -2  -2   9  -2  -2  -2  -2  -1  -1  -2  -1  -2  -1  -1  -1  -2  -2  -1    3   2   2   2  66   1   2   3   1   2   3   2   1   1   2   2   2   0   1   2  0.64 0.01
  182 G     0  -1   0   0  -2   1   3   3  -1  -2  -2   0  -2  -2  -1   0  -1  -2  -2  -2    3   2   2   2   1   1  35  35   1   2   3   2   1   1   2   2   2   0   1   2  0.28 0.00
  183 T     0  -1  -1  -1  -1   0  -1  -1  -1   0   1  -1   3  -1  -1   0   3  -1  -1   0    3   2   2   2   1   1   2   3   1   2   3   2  34   1   2   2  35   0   1   2  0.12 0.01
  184 L    -2  -3  -4  -4  -1  -3  -4  -4  -4   4   3  -3   2   0  -3  -3  -1  -3  -1   2    0   0   0   0   0   0   0   0   0  67  33   0   0   0   0   0   0   0   0   0  0.38 0.01
  185 L    -1  -2   3  -1   6  -2  -2  -2  -1   0   2  -2   0  -1  -3  -1  -1  -3  -2  -1    0   0  33   0  34   0   0   0   0   0  33   0   0   0   0   0   0   0   0   0  0.34 0.01
  186 S     0  -2  -1  -2  -1  -2  -2  -2  -3   2   0  -2   0  -1  -2   2   1  -3  -2   3    0   0   0   0   0   0   0   0   0   0   0   0   0   0   0  33   0   0   0  67  0.20 0.01
  187 L    -2  -3  -3  -4  -2  -3  -3  -4   0   0   2  -3   1   5  -4  -2  -2   1   5   0    0   0   0   0   0   0   0   0   0   0  33   0   0  34   0   0   0   0  33   0  0.47 0.01
  188 Y    -2  -2  -3  -4  -2  -2  -3  -4   1   2   0  -2   0   2  -3  -2  -2   1   6   1    0   0   0   0   0   0   0   0   0  34   0   0   0   0   0   0   0   0  66   0  0.52 0.02
  189 S     2  -2  -1  -2  -1  -1  -1  -1  -1  -1  -1  -1  -1   4  -2   2   0  -1   1  -1   33   0   0   0   0   0   0   0   0   0   0   0   0  34   0  33   0   0   0   0  0.22 0.01
  190 I     2  -1  -2  -1  -2   0   3  -2  -2   2   0  -1   0  -2  -2   0  -1  -3  -2   1   34   0   0   0   0   0  33   0   0  33   0   0   0   0   0   0   0   0   0   0  0.16 0.01
  191 S    -1  -2  -2  -2  -2  -2  -2  -2  -1  -1   0  -2  -1   6  -3   2  -1   0   2  -1    0   0   0   0   0   0   0   0   0   0   0   0   0  67   0  33   0   0   0   0  0.40 0.02
  192 I    -2  -3  -4  -4  -2  -3  -4  -4  -3   4   1  -3   1   4  -3  -3  -1  -1   1   2    0   0   0   0   0   0   0   0   0  67   0   0   0  33   0   0   0   0   0   0  0.36 0.01
  193 Q    -1   4  -1  -2  -3   3   0  -3   0  -1   0   1   4  -2  -2  -1  -1  -2  -2  -1    0  33   0   0   0  33   0   0   0   0   0   0  34   0   0   0   0   0   0   0  0.31 0.02
  194 T     0  -2  -1  -2  -2  -1  -2   3  -2  -2  -3  -1  -2  -3   5   0   2  -3  -3  -2    0   0   0   0   0   0   0  33   0   0   0   0   0   0  34   0  33   0   0   0  0.66 0.01
  195 V    -1  -3  -3  -4  -1  -3  -3  -4  -3   2   3  -3   1   0  -3  -2   0  -3  -1   4    0   0   0   0   0   0   0   0   0   0  33   0   0   0   0   0   0   0   0  67  0.33 0.01
  196 L    -2  -3  -4  -4  -1  -3  -3  -4  -3   3   4  -3   2   0  -3  -3  -1  -2  -1   2    0   0   0   0   0   0   0   0   0  33  67   0   0   0   0   0   0   0   0   0  0.40 0.01
  197 S     0  -2  -2  -2  -1  -2  -2  -2  -3   3   0  -2   0  -1  -2   2   0  -3  -2   3    0   0   0   0   0   0   0   0   0  34   0   0   0   0   0  33   0   0   0  33  0.18 0.01
  198 I    -2  -3  -4  -4  -1  -3  -4  -4  -4   5   2  -3   1   0  -3  -3  -1  -3  -2   3    0   0   0   0   0   0   0   0   0 100   0   0   0   0   0   0   0   0   0   0  0.43 0.02
  199 T     0  -1   0  -1  -1  -1  -1  -1  -2  -1  -2  -1  -1  -3  -1   3   4  -3  -2  -1    0   0   0   0   0   0   0   0   0   0   0   0   0   0   0  33  67   0   0   0  0.42 0.02
  200 I    -1  -1  -2  -2  -1  -1  -1  -2  -2   3   1  -1   4   0  -1  -1   0  -1  -1   1    3   2   2   2   1   1   2   3   1  34   3   2  34   1   2   2   2   0   1   2  0.11 0.01
  201 V    -1  -2  -2  -2  -1  -2  -2  -2  -1   1   0  -2   0   4  -1  -1  -1   0   1   2    3   2   2   2   1   1   2   3   1   2   3   2   1  34   2   2   2   0   1  35  0.13 0.00
  202 G     2  -1  -1  -1  -1  -1  -1   4  -1  -2  -2  -1  -1  -2  -1   0   0  -2  -2  -1   36   2   2   2   1   1   2  35   1   2   3   2   1   1   2   2   2   0   1   2  0.26 0.00
  203 L    -1  -2  -2  -2  -1  -1  -2  -2  -2   3   2  -2   1   0  -1  -1  -1  -1  -1   1    3   2   2   2   1   1   2   3   1  35  36   2   1   1   2   2   2   0   1   2  0.13 0.00
  204 D    -1  -1   1   4  -1   0   0  -1  -1  -1  -2   0  -1  -2  -1   1   3  -2  -2  -1    3   2   2  34   1   1   2   3   1   2   3   2   1   1   2   2  35   0   1   2  0.24 0.00
  205 V    -1  -2   3  -1  -2  -2  -2  -2  -2   2   0  -2   0  -2  -3  -1   0  -4  -2   3    0   0  33   0   0   0   0   0   0   0   0   0   0   0   0   0   0   0   0  67  0.21 0.01
  206 V     0  -2  -1  -2   7  -2  -2  -2  -2   0  -1  -2  -1  -2  -2   2   0  -3  -2   2    0   0   0   0  34   0   0   0   0   0   0   0   0   0   0  33   0   0   0  33  0.33 0.01
  207 T    -1  -2  -2  -3  -2  -2  -2  -3   0  -1  -1  -2  -1   4  -3  -1   2   1   5  -1    0   0   0   0   0   0   0   0   0   0   0   0   0  33   0   0  33   0  34   0  0.41 0.01
  208 L     0  -2  -1  -2  -2  -2  -2   3  -2   0   1  -2   0  -1  -2   0   2  -2  -2   0    0   0   0   0   0   0   0  34   0   0  33   0   0   0   0   0  33   0   0   0  0.24 0.01
  209 V    -1  -3  -4  -4  -2  -3  -3  -4  -3   2   2  -3   1   4  -3  -2  -1  -1   1   2    0   0   0   0   0   0   0   0   0   0  34   0   0  33   0   0   0   0   0  33  0.31 0.01
  210 A     2  -2  -2  -3   6  -1  -2  -2  -2   0   0  -2   4  -2  -2   0  -1  -2  -2   0   33   0   0   0  33   0   0   0   0   0   0   0  34   0   0   0   0   0   0   0  0.34 0.02
  211 L    -2   3  -2  -3  -2  -1  -2  -4  -2   2   2   0   1  -1  -3  -2  -1  -3  -2   1    0  33   0   0   0   0   0   0   0  34  33   0   0   0   0   0   0   0   0   0  0.22 0.01
  212 M    -1  -2  -3  -4  -2  -1  -3  -3  -2   1   3  -2   6   0  -3  -2  -1  -2  -1   1    0   0   0   0   0   0   0   0   0   0  34   0  66   0   0   0   0   0   0   0  0.38 0.02
  213 A     2   3   0  -2  -2   0   0  -1   5  -3  -2   1  -2  -2  -2   0  -1  -3   0  -2   33  34   0   0   0   0   0   0  33   0   0   0   0   0   0   0   0   0   0   0  0.35 0.01
  214 F    -2  -2  -3  -4  -2  -2  -3  -4  -2   1   3  -3   4   4  -3  -2  -1  -1   1   0    0   0   0   0   0   0   0   0   0   0  34   0  33  33   0   0   0   0   0   0  0.35 0.01
  215 R    -1   4   0  -1  -4   1   0  -2   5  -3  -3   3  -2  -3  -2  -1  -1  -3   0  -3    0  33   0   0   0   0   0   0  33   0   0  34   0   0   0   0   0   0   0   0  0.48 0.01
  216 S     0  -1   4   0  -2   0   0   0   0  -3  -3   0  -2  -3  -1   4   1  -4  -2  -2    0   0  33   0   0   0   0   0   0   0   0   0   0   0   0  67   0   0   0   0  0.44 0.02
  217 K    -1   4  -1  -2  -2   0   0  -3  -1   0  -1   3  -1  -2  -2  -1  -1  -3  -2   2    0  33   0   0   0   0   0   0   0   0   0  33   0   0   0   0   0   0   0  34  0.25 0.01
  218 V    -1   4  -1  -2  -3   0   0  -3  -1   0  -1   3  -1  -2  -2  -1  -1  -3  -2   1    0  34   0   0   0   0   0   0   0   0   0  33   0   0   0   0   0   0   0  33  0.26 0.01
  219 Y    -1   0  -2  -2  -3   0  -1  -3   0  -1   0   2   4   1  -2  -1  -1   0   4  -1    0   0   0   0   0   0   0   0   0   0   0  33  34   0   0   0   0   0  33   0  0.23 0.01
  220 Q    -1   0  -1  -1  -3   5   1  -3   0  -1   2   0   1  -2  -2  -1  -1  -2  -2  -1    0   0   0   0   0  66   0   0   0   0  34   0   0   0   0   0   0   0   0   0  0.34 0.02
  221 S     1  -1   0  -1  -1   0   0  -1  -1  -2  -2   0  -1  -3  -1   4   3  -3  -2  -1    0   0   0   0   0   0   0   0   0   0   0   0   0   0   0  67  33   0   0   0  0.41 0.02
  222 H     2  -1   0  -2  -2  -1  -1   3   5  -3  -3  -1  -2  -2  -2   0  -1  -3   0  -2   33   0   0   0   0   0   0  34  33   0   0   0   0   0   0   0   0   0   0   0  0.40 0.01
  223 S     1  -1   0  -1  -1   0   0  -1  -1  -2  -2   0  -1  -3  -1   4   3  -3  -2  -1    0   0   0   0   0   0   0   0   0   0   0   0   0   0   0  67  33   0   0   0  0.41 0.02
  224 V     0   0  -2  -2  -2  -1  -1  -3  -2   2   0   2   0  -2  -2  -1   0  -3  -2   3    0   0   0   0   0   0   0   0   0   0   0  34   0   0   0   0   0   0   0  66  0.18 0.01
  225 E    -1   0   0   1  -4   4   5  -2   0  -4  -3   1  -2  -4  -1   0  -1  -3  -2  -3    0   0   0   0   0  33  67   0   0   0   0   0   0   0   0   0   0   0   0   0  0.65 0.02
  226 V    -1   1  -1  -2  -2   1   0  -2  -2   0  -1   4  -1  -3  -2  -1  -1  -3  -2   1    0   0   0   0   0   0   0   0   0   0   0  67   0   0   0   0   0   0   0  33  0.25 0.01
  227 R    -1   4   0   4  -4   1   1  -2  -1  -3  -3   3  -2  -4  -2   0  -1  -4  -2  -3    0  33   0  34   0   0   0   0   0   0   0  33   0   0   0   0   0   0   0   0  0.47 0.01
  228 R    -2   6  -1  -2  -4   1   0  -3   0  -3  -3   2  -2  -3  -2  -1  -1  -3  -2  -3    0 100   0   0   0   0   0   0   0   0   0   0   0   0   0   0   0   0   0   0  0.80 0.02
  229 R    -2   5   4   0  -4   1   0  -2   0  -4  -3   2  -2  -3  -2   0  -1  -3  -2  -3    0  66  34   0   0   0   0   0   0   0   0   0   0   0   0   0   0   0   0   0  0.57 0.02
  230 E    -1  -1  -1   1  -3   1   4  -3  -1  -1   2   0   0  -2  -2  -1  -1  -3  -2  -1    0   0   0   0   0   0  66   0   0   0  34   0   0   0   0   0   0   0   0   0  0.35 0.01
  231 L    -1   3  -1  -2  -2   0  -1  -3  -2   0   2   0   0  -1  -2   0   2  -3  -2   0    0  34   0   0   0   0   0   0   0   0  33   0   0   0   0   0  33   0   0   0  0.21 0.01
  232 S     0   5   0  -1  -3   1   0  -2  -1  -3  -3   2  -2  -3  -2   2   0  -3  -2  -3    0  67   0   0   0   0   0   0   0   0   0   0   0   0   0  33   0   0   0   0  0.50 0.02
  233 F    -2  -3  -4  -4  -2  -4  -4  -4  -2   2   1  -3   0   6  -4  -3  -2   0   2   1    0   0   0   0   0   0   0   0   0  34   0   0   0  66   0   0   0   0   0   0  0.49 0.02
  234 S     0  -2  -1  -1  -1  -1  -1  -2  -2   1  -1  -1   0  -2  -2   2   3  -3  -2   2    0   0   0   0   0   0   0   0   0   0   0   0   0   0   0  33  34   0   0  33  0.22 0.01
  235 G    -1   4   0  -1  -3   3   0   3  -1  -4  -3   1  -2  -3  -2   0  -1  -3  -2  -3    0  34   0   0   0  33   0  33   0   0   0   0   0   0   0   0   0   0   0   0  0.44 0.01
  236 Q    -1   0  -1  -1  -3   5   1  -2   0  -1   0   1   4  -2  -2  -1  -1  -2  -2  -1    0   0   0   0   0  66   0   0   0   0   0   0  34   0   0   0   0   0   0   0  0.39 0.02
  237 V     0  -3  -3  -4  -1  -3  -3  -4  -4   3   1  -3   1  -1  -3  -2   0  -3  -1   5    0   0   0   0   0   0   0   0   0   0   0   0   0   0   0   0   0   0   0 100  0.39 0.02
  238 I    -1  -2  -2  -3  -1  -2  -2  -3  -3   3   2  -2   1  -1  -2  -1   2  -3  -2   1    0   0   0   0   0   0   0   0   0  33  34   0   0   0   0   0  33   0   0   0  0.23 0.01
  239 I    -1  -3  -3  -4  -1  -2  -3  -4  -3   3   2  -2   4   0  -3  -2  -1  -3  -1   3    0   0   0   0   0   0   0   0   0  33   0   0  33   0   0   0   0   0   0  34  0.30 0.01
  240 Q    -1   0  -1  -1  -2   5   1  -3   0   0  -1   0   0  -3  -2  -1  -1  -3  -2   2    0   0   0   0   0  66   0   0   0   0   0   0   0   0   0   0   0   0   0  34  0.33 0.02
  241 G     0  -3  -1  -2  -2  -2  -3   5  -3   0  -2  -2  -1  -2  -3  -1  -1  -3  -3   1    0   0   0   0   0   0   0  66   0   0   0   0   0   0   0   0   0   0   0  34  0.51 0.01
  242 A     3  -2  -2  -3  -1  -1  -2  -1  -2   0   2  -1   0  -1  -2   0   0  -3  -2   0   67   0   0   0   0   0   0   0   0   0  33   0   0   0   0   0   0   0   0   0  0.23 0.01
  243 V    -1  -3  -3  -4  -1  -3  -3  -4  -3   2   3  -3   1   0  -3  -2   0  -3  -1   4    0   0   0   0   0   0   0   0   0   0  33   0   0   0   0   0   0   0   0  67  0.33 0.01
  244 F    -2  -3  -3  -4  -3  -3  -3  -4   0  -1   0  -3   0   6  -4  -2  -2   1   5  -1    0   0   0   0   0   0   0   0   0   0   0   0   0  67   0   0   0   0  33   0  0.72 0.02
  245 L    -1  -3  -4  -4  -1  -3  -3  -4  -3   3   3  -3   1   0  -3  -2  -1  -3  -1   3    0   0   0   0   0   0   0   0   0  34  33   0   0   0   0   0   0   0   0  33  0.34 0.01
  246 C    -1  -4  -4  -4   6  -3  -4  -4  -4   4   1  -3   1  -1  -3  -2  -1  -3  -2   2    0   0   0   0  33   0   0   0   0  67   0   0   0   0   0   0   0   0   0   0  0.45 0.02
  247 H    -1   0   0   0  -2   1   3  -1   5  -2  -2   0  -1  -2  -1   0  -1  -2   0  -2    3   2   2   2   1   1  35   3  33   2   3   2   1   1   2   2   2   0   1   2  0.30 0.01
  248 G     0  -1  -1  -1  -1  -1  -1   3  -2   0   2  -1   0  -1  -1  -1  -1  -1  -1   0    3   2   2   2   1   1   2  35   1   2  36   2   1   1   2   2   2   0   1   2  0.16 0.00
  249 A     2  -3  -3  -3   7  -2  -2  -2  -3   1  -1  -2  -1  -2  -2   0   0  -3  -2   2   33   0   0   0  34   0   0   0   0   0   0   0   0   0   0   0   0   0   0  33  0.36 0.01
  250 W    -2  -2  -2  -3  -2  -2  -2  -3  -3  -2  -2  -2  -1   0  -3  -1   2  11   1  -2    0   0   0   0   0   0   0   0   0   0   0   0   0   0   0   0  33  67   0   0  1.42 0.03
  251 Y    -1  -2  -1  -3  -2  -1  -2  -3   1  -1  -1  -2  -1   2  -3   0   2   1   6  -1    0   0   0   0   0   0   0   0   0   0   0   0   0   0   0   0  34   0  66   0  0.53 0.02
  252 D    -1  -2  -1   3  -3  -1   0  -2  -2  -3  -4  -1  -3  -4   7  -1  -1  -4  -3  -3    0   0   0  33   0   0   0   0   0   0   0   0   0   0  67   0   0   0   0   0  1.34 0.02
  253 M    -1  -2  -3  -4  -2  -2  -3  -4  -3   3   3  -2   4   0  -3  -2  -1  -2  -1   2    0   0   0   0   0   0   0   0   0  34  33   0  33   0   0   0   0   0   0   0  0.33 0.01
  254 G    -1  -1   0   0  -3   1   3   3   5  -4  -4   0  -2  -3  -2  -1  -2  -3   0  -3    0   0   0   0   0   0  33  33  34   0   0   0   0   0   0   0   0   0   0   0  0.46 0.01
  255 H    -1  -2  -1  -2  -3  -1  -1  -3   5   2  -1  -2  -1  -2   5  -2  -1  -3   0   0    0   0   0   0   0   0   0   0  33  34   0   0   0   0  33   0   0   0   0   0  0.52 0.01
  256 A     2  -2  -2  -3  -1  -2  -2  -2   0   1  -1  -2   0   1  -2  -1  -1   0   4   2   33   0   0   0   0   0   0   0   0   0   0   0   0   0   0   0   0   0  34  33  0.23 0.01
  257 I    -1  -2  -2  -1  -2   0   2  -3  -2   3   0  -1   0  -1  -2  -1  -1  -3  -2   3    0   0   0   0   0   0  33   0   0  33   0   0   0   0   0   0   0   0   0  34  0.19 0.01
  258 L    -2  -3  -4  -4  -1  -3  -3  -4  -3   3   4  -3   2   0  -3  -3  -1  -2  -1   2    0   0   0   0   0   0   0   0   0  34  66   0   0   0   0   0   0   0   0   0  0.40 0.01
  259 P     2  -2  -3  -2  -2  -2  -2  -2  -3   2   0  -2   0  -2   5   0  -1  -3  -2   1   33   0   0   0   0   0   0   0   0  34   0   0   0   0  33   0   0   0   0   0  0.46 0.01
  260 G    -1   1   0  -1  -3   1   0   3  -1  -3  -3   4  -2  -4  -2   0  -1  -3  -3  -3    0   0   0   0   0   0   0  33   0   0   0  67   0   0   0   0   0   0   0   0  0.44 0.01
  261 N     2  -1   4   0  -1   0  -1   0  -1  -3  -3   0  -2  -3  -1   3   1  -3  -2  -2   34   0  33   0   0   0   0   0   0   0   0   0   0   0   0  33   0   0   0   0  0.33 0.01
  262 D     0  -2   0   3  -2  -1   0  -2  -2  -1   1  -1   0  -2  -2   2   0  -3  -2  -1    0   0   0  33   0   0   0   0   0   0  34   0   0   0   0  33   0   0   0   0  0.20 0.01
  263 D    -1  -2   4   4  -2  -1   0  -2  -1   0  -1  -1  -1  -3  -2   0   0  -4  -2   1    0   0  33  33   0   0   0   0   0   0   0   0   0   0   0   0   0   0   0  34  0.28 0.01
  264 R    -1   5   0  -2  -3   1   0  -2  -1  -2  -2   2  -1  -3  -2   0   3  -3  -2  -2    0  66   0   0   0   0   0   0   0   0   0   0   0   0   0   0  34   0   0   0  0.48 0.02
  265 W    -2  -3  -4  -4  -2  -3  -3  -3  -3   2   0  -3   0   1  -4  -3  -2  11   1   0    0   0   0   0   0   0   0   0   0  34   0   0   0   0   0   0   0  66   0   0  1.38 0.03
  266 K    -1   0  -2  -1  -3   0   0  -2  -2  -3  -3   2  -2  -4   7  -1  -1  -4  -3  -3    0   0   0   0   0   0   0   0   0   0   0  33   0   0  67   0   0   0   0   0  1.27 0.02
  267 F    -2  -1   3   1  -3   0   3  -2   0  -2  -2   0  -1   4  -2   0  -1  -1   1  -2    0   0  33   0   0   0  34   0   0   0   0   0   0  33   0   0   0   0   0   0  0.30 0.01
  268 F    -2  -2  -2  -3  -2  -2  -3  -3  -2   0   0  -2   0   6  -3  -1   2   0   2  -1    0   0   0   0   0   0   0   0   0   0   0   0   0  66   0   0  34   0   0   0  0.42 0.02
  269 F    -1  -2  -2  -3  -2  -2  -2  -3  -2   0   2  -2   1   4  -3  -1   2  -1   1   0    0   0   0   0   0   0   0   0   0   0  33   0   0  33   0   0  34   0   0   0  0.24 0.01
  270 T    -1  -2  -2  -3  -2  -2  -2  -3  -2   0   2  -2   1   4  -3  -1   2  -1   1   0    0   0   0   0   0   0   0   0   0   0  33   0   0  34   0   0  33   0   0   0  0.25 0.01
  271 T     0   0   0  -1  -2   3   0  -2  -1  -2  -2   0  -1  -3  -1   1   4  -3  -2  -1    0   0   0   0   0  34   0   0   0   0   0   0   0   0   0   0  66   0   0   0  0.39 0.02
  272 S     0  -1   0  -1  -1  -1  -1  -1  -2  -1  -2  -1  -1  -3  -1   3   5  -3  -2  -1    0   0   0   0   0   0   0   0   0   0   0   0   0   0   0  33  67   0   0   0  0.42 0.02
  273 F    -1  -3  -3  -4  -2  -3  -3  -4   0   1   0  -3   0   4  -3  -2  -1   1   5   2    0   0   0   0   0   0   0   0   0   0   0   0   0  33   0   0   0   0  33  34  0.41 0.01
  274 S     3  -1   0  -1  -1   0   0   0  -1  -2  -2   0  -2  -3  -1   4   1  -3  -2  -1   33   0   0   0   0   0   0   0   0   0   0   0   0   0   0  67   0   0   0   0  0.39 0.01
  275 S    -1  -2  -2  -3  -2  -1  -2  -2  -2  -3  -2  -2  -2   0  -3   2  -1  11   1  -3    0   0   0   0   0   0   0   0   0   0   0   0   0   0   0  33   0  67   0   0  1.41 0.03
  276 N    -2  -1   4  -1  -3  -1  -1  -2   5   2  -1  -1  -1  -1  -3  -1  -1  -3   0   0    0   0  33   0   0   0   0   0  34  33   0   0   0   0   0   0   0   0   0   0  0.26 0.01
  277 L    -2  -3  -4  -4  -2  -3  -3  -4  -2   1   4  -3   2   4  -4  -3  -2  -1   1   0    0   0   0   0   0   0   0   0   0   0  66   0   0  34   0   0   0   0   0   0  0.42 0.01
  278 L    -1  -3  -3  -4   7  -3  -3  -4  -3   1   2  -3   1  -1  -3  -2  -1  -3  -2   2    0   0   0   0  34   0   0   0   0   0  33   0   0   0   0   0   0   0   0  33  0.40 0.01
  279 H    -2  -1   0  -2  -3   0  -1  -3   7   2  -1  -2   0  -1  -3  -2  -2  -3   1   0    0   0   0   0   0   0   0   0  66  34   0   0   0   0   0   0   0   0   0   0  0.46 0.02
  280 V     4  -2  -2  -2  -1  -1  -2  -1  -2   1  -1  -1   0  -2  -1   0   0  -3  -2   2   67   0   0   0   0   0   0   0   0   0   0   0   0   0   0   0   0   0   0  33  0.26 0.01
  281 F    -2  -3  -4  -4  -2  -3  -3  -4  -3   1   4  -3   2   4  -4  -3  -2  -1   1   0    0   0   0   0   0   0   0   0   0   0  67   0   0  33   0   0   0   0   0   0  0.41 0.01
  282 D    -2  -1   4   6  -4   0   1  -1  -1  -4  -4  -1  -3  -4  -2   0  -1  -5  -3  -4    0   0  34  66   0   0   0   0   0   0   0   0   0   0   0   0   0   0   0   0  0.74 0.02
  283 P    -1  -3  -2  -2  -3  -2  -2   3  -2  -4  -4  -1  -3  -4   7  -1  -1  -4  -3  -3    0   0   0   0   0   0   0  33   0   0   0   0   0   0  67   0   0   0   0   0  1.33 0.02
  284 V     0  -3  -3  -4  -1  -3  -3  -4  -4   3   1  -3   1  -1  -3  -2   0  -3  -1   5    0   0   0   0   0   0   0   0   0   0   0   0   0   0   0   0   0   0   0 100  0.39 0.02
  285 V    -1  -3  -4  -4  -1  -3  -3  -4  -3   3   3  -3   1   0  -3  -2  -1  -3  -1   3    0   0   0   0   0   0   0   0   0  33  34   0   0   0   0   0   0   0   0  33  0.34 0.01
  286 V    -1  -2  -2  -3  -2  -2  -2  -3   0   1   0  -2   0   1  -2   0   3   0   4   2    0   0   0   0   0   0   0   0   0   0   0   0   0   0   0   0  33   0  34  33  0.26 0.01
  287 F     2  -2  -3  -3  -1  -2  -2  -2  -2   0   2  -2   1   4  -2  -1  -1  -1   1   0   34   0   0   0   0   0   0   0   0   0  33   0   0  33   0   0   0   0   0   0  0.21 0.01
  288 A     2  -3  -3  -3  -1  -2  -3  -2  -2   2   0  -2   0   4  -3  -1  -1  -1   1   1   33   0   0   0   0   0   0   0   0  33   0   0   0  34   0   0   0   0   0   0  0.20 0.01
  289 F    -2  -3  -4  -4  -2  -3  -4  -4  -2   1   2  -3   1   6  -4  -3  -2   0   2   0    0   0   0   0   0   0   0   0   0   0  34   0   0  66   0   0   0   0   0   0  0.52 0.01
  290 N    -2  -1   6   4  -3   0   0  -1   0  -4  -4   0  -3  -4  -2   0   0  -4  -3  -3    0   0  66  34   0   0   0   0   0   0   0   0   0   0   0   0   0   0   0   0  0.68 0.02
  291 K    -1   2   0   0  -4   2   3  -2  -1  -3  -3   4  -2  -4  -1   0  -1  -3  -2  -3    0   0   0   0   0   0  34   0   0   0   0  66   0   0   0   0   0   0   0   0  0.50 0.01
  292 E    -1   0   0   4  -4   4   4  -2   0  -3  -3   1  -2  -4  -2   0  -1  -3  -2  -3    0   0   0  34   0  33  33   0   0   0   0   0   0   0   0   0   0   0   0   0  0.58 0.01
  293 F    -3  -3  -4  -4  -3  -4  -4  -4  -2   0   0  -4   0   7  -4  -3  -2   1   3  -1    0   0   0   0   0   0   0   0   0   0   0   0   0 100   0   0   0   0   0   0  0.81 0.02
  294 R    -1   5   0  -2  -4   1   0  -2  -1  -3  -3   4  -2  -3  -2  -1  -1  -3  -2  -3    0  66   0   0   0   0   0   0   0   0   0  34   0   0   0   0   0   0   0   0  0.63 0.02
  295 R     0   5   0  -1  -3   1   0  -2  -1  -3  -3   2  -2  -3  -2   2   0  -3  -2  -3    0  67   0   0   0   0   0   0   0   0   0   0   0   0   0  33   0   0   0   0  0.50 0.02
  296 W    -1  -2  -2  -2  -1  -1  -2  -2  -2   1   0  -2   0   0  -1  -1  -1   8   1   2    3   2   2   2   1   1   2   3   1   2   3   2   1   1   2   2   2  33   1  35  0.48 0.01
  297 L    -1  -3  -4  -4   7  -3  -4  -4  -3   1   3  -3   1   0  -3  -2  -1  -2  -2   0    0   0   0   0  34   0   0   0   0   0  66   0   0   0   0   0   0   0   0   0  0.48 0.01
  298 F    -3  -3  -3  -4  -3  -4  -4  -4  -1   0   0  -4   0   7  -4  -3  -2   1   3  -1    0   0   0   0   0   0   0   0   0   0   0   0   0 100   0   0   0   0   0   0  0.74 0.01
  299 R    -2   6  -1  -2  -4   1   0  -3   0  -3  -2   2  -2  -3  -2  -1  -1  -3  -2  -3    0 100   0   0   0   0   0   0   0   0   0   0   0   0   0   0   0   0   0   0  0.75 0.01
  300 N    -1   0   5   2  -4   1   4  -1   0  -4  -4   0  -2  -4  -2   0   0  -4  -2  -3    0   0  50   0   0   0  50   0   0   0   0   0   0   0   0   0   0   0   0   0  0.54 0.00
  301 F    -3  -3  -3  -4  -3  -4  -4  -4  -1   0   0  -4   0   7  -4  -3  -2   1   3  -1    0   0   0   0   0   0   0   0   0   0   0   0   0 100   0   0   0   0   0   0  0.74 0.01
  302 N    -1  -2   4   0   8  -1  -2  -1  -1  -2  -2  -1  -2  -3  -3   0  -1  -3  -3  -2    0   0  50   0  50   0   0   0   0   0   0   0   0   0   0   0   0   0   0   0  0.62 0.00
  303 V    -1  -3  -3  -4  -1  -3  -3  -4  -4   4   1  -3   1  -1  -3  -2   0  -3  -1   4    0   0   0   0   0   0   0   0   0  50   0   0   0   0   0   0   0   0   0  50  0.35 0.00
  304 P    -1  -2  -2  -2  -3  -1  -1  -2  -2  -3  -3  -1  -3  -4   8  -1  -1  -4  -3  -3    0   0   0   0   0   0   0   0   0   0   0   0   0   0 100   0   0   0   0   0  2.05 0.01
  305 T     0  -1   0  -1  -1  -1  -1  -2  -2  -1  -1  -1  -1  -2  -1   2   5  -3  -2   0    0   0   0   0   0   0   0   0   0   0   0   0   0   0   0   0 100   0   0   0  0.48 0.01
  306 A     3  -1   0  -1  -1   0  -1   0  -1  -2  -2  -1  -1  -3  -1   3   1  -3  -2  -1   50   0   0   0   0   0   0   0   0   0   0   0   0   0   0  50   0   0   0   0  0.35 0.00
  307 Q    -1   1   0   0  -3   5   2  -2   0  -3  -2   1   0  -3  -1   0  -1  -2  -1  -2    0   0   0   0   0   0   0   0   0   0   0   0   0   0   0   0   0   0   0   0  0.00     0.00
  308 K    -1   2   0  -1  -3   1   1  -2  -1  -3  -3   5  -1  -3  -1   0  -1  -3  -2  -2    0   0   0   0   0   0   0   0   0   0   0   0   0   0   0   0   0   0   0   0  0.00     0.00
  309 R    -1   6   0  -2  -4   1   0  -2   0  -3  -2   2  -1  -3  -2  -1  -1  -3  -2  -3    0   0   0   0   0   0   0   0   0   0   0   0   0   0   0   0   0   0   0   0  0.00     0.00
  310 I    -1  -3  -3  -3  -1  -3  -3  -4  -3   4   2  -3   1   0  -3  -2  -1  -3  -1   3    0   0   0   0   0   0   0   0   0   0   0   0   0   0   0   0   0   0   0   0  0.00     0.00
  311 V     0  -3  -3  -3  -1  -2  -3  -3  -3   3   1  -2   1  -1  -2  -2   0  -3  -1   4    0   0   0   0   0   0   0   0   0   0   0   0   0   0   0   0   0   0   0   0  0.00     0.00
  312 T     0  -1   0  -1  -1  -1  -1  -2  -2  -1  -1  -1  -1  -2  -1   1   5  -3  -2   0    0   0   0   0   0   0   0   0   0   0   0   0   0   0   0   0   0   0   0   0  0.00     0.00
  313 V     0  -3  -3  -3  -1  -2  -3  -3  -3   3   1  -2   1  -1  -2  -2   0  -3  -1   4    0   0   0   0   0   0   0   0   0   0   0   0   0   0   0   0   0   0   0   0  0.00     0.00
  314 V     0  -3  -3  -3  -1  -2  -3  -3  -3   3   1  -2   1  -1  -2  -2   0  -3  -1   4    0   0   0   0   0   0   0   0   0   0   0   0   0   0   0   0   0   0   0   0  0.00     0.00
  315 S     1  -1   1   0  -1   0   0   0  -1  -2  -3   0  -2  -2  -1   4   1  -3  -2  -2    0   0   0   0   0   0   0   0   0   0   0   0   0   0   0   0   0   0   0   0  0.00     0.00
  316 A     4  -1  -2  -2   0  -1  -1   0  -2  -1  -2  -1  -1  -2  -1   1   0  -3  -2   0    0   0   0   0   0   0   0   0   0   0   0   0   0   0   0   0   0   0   0   0  0.00     0.00
  317 H    -2   0   1  -1  -3   0   0  -2   8  -3  -3  -1  -2  -1  -2  -1  -2  -2   2  -3    0   0   0   0   0   0   0   0   0   0   0   0   0   0   0   0   0   0   0   0  0.00     0.00
  318 N    -2   0   6   1  -3   0   0   0   1  -3  -4   0  -2  -3  -2   1   0  -4  -2  -3    0   0   0   0   0   0   0   0   0   0   0   0   0   0   0   0   0   0   0   0  0.00     0.00
  319 T     0  -1   0  -1  -1  -1  -1  -2  -2  -1  -1  -1  -1  -2  -1   1   5  -3  -2   0    0   0   0   0   0   0   0   0   0   0   0   0   0   0   0   0   0   0   0   0  0.00     0.00

                      K         Lambda
Standard Ungapped    0.1424     0.3332
Standard Gapped      0.0439     0.2670
PSI Ungapped         0.1435     0.3170
PSI Gapped           0.0439     0.2670
