
Last position-specific scoring matrix computed, weighted observed percentages rounded down, information per position, and relative weight of gapless real matches to pseudocounts
            A   R   N   D   C   Q   E   G   H   I   L   K   M   F   P   S   T   W   Y   V   A   R   N   D   C   Q   E   G   H   I   L   K   M   F   P   S   T   W   Y   V
    1 M    -1  -2  -3  -3  -2  -1  -3  -3  -2   3   2  -2   6   0  -3  -2  -1  -2  -1   1    0   0   0   0   0   0   0   0   0  29   0   0  71   0   0   0   0   0   0   0  0.36 0.02
    2 G     1  -2  -1  -2  -2  -2  -2   5  -2   0  -2  -2  -1  -2  -2   0  -1  -3  -2   1   14   0   0   0   0   0   0  58   0   0   0   0   0   0   0   0   0   0   0  28  0.45 0.01
    3 R    -2   5  -1  -2  -4   2   0  -2  -1  -3  -3   3  -2  -3  -2  -1  -1  -3  -2  -3    0  61   0   0   0  13   0   0   0   0   0  27   0   0   0   0   0   0   0   0  0.69 0.07
    4 C    -1  -3   2  -2   8  -2  -3  -3  -2   1   1  -2  -1  -2  -3  -1  -1  -3  -2   0    0   0  23   0  49   0   0   0   0  16  13   0   0   0   0   0   0   0   0   0  0.60 0.08
    5 C    -1  -3  -3  -4   8  -3  -3  -1  -3   0   0  -3  -1  -2  -3  -1   1  -3  -3   1    0   0   0   0  59   0   0   6   0   0  11   0   0   0   0   0  10   0   0  13  0.80 0.10
    6 F    -1  -2  -2  -2  -2   1  -2   3  -2  -1   0  -2  -1   4  -3   0  -1  -1   0  -2    0   0   0   0   0  11   0  29   0   0  15   0   0  34   0  12   0   0   0   0  0.27 0.06
    7 Y    -2   0  -3  -3  -2  -1   0  -3  -1   1   1  -1   0   2  -3  -2  -1   4   3   1    0  10   0   0   0   0   9   0   0  13  17   0   0  11   0   0   0   8  13  18  0.21 0.05
    8 T     0  -1  -1  -2  -2  -1  -1  -2  -2   1  -1   0  -1  -2   2   2   2   4  -1   0    8   0   0   0   0   0   0   0   0  17   0  10   0   0  11  18  27   9   0   0  0.26 0.06
    9 A     4  -2  -2  -2  -1   1  -1   0  -2   1  -1  -1  -1  -2  -2   0  -1  -3  -2   1   68   0   0   0   0   9   0   4   0  11   0   0   0   0   0   0   0   0   0   8  0.37 0.11
   10 G     1  -3  -1  -2  -3  -2  -3   6  -3  -4  -4  -2  -3  -4  -3  -1  -2  -3  -4  -4   11   0   0   0   0   0   0  89   0   0   0   0   0   0   0   0   0   0   0   0  1.22 0.16
   11 T     1  -2  -2  -2  -1  -2  -2   0  -2   2   0  -2   0   1  -2   0   2  -2  -1   1   18   1   0   1   0   0   1   9   0  22   8   1   0   7   1   1  22   0   0   8  0.12 0.05
   12 L    -1  -3  -2  -3  -2  -2  -3   1  -3   3   2  -2   0  -1  -2  -2  -1  -3  -2   3    1   0   0   1   0   0   1  18   0  21  19   1   0   0   0   1   1   0   0  36  0.25 0.07
   13 S     2  -2  -1  -2   2  -1  -1   2  -2   0  -1  -1  -1   1  -2   2   0  -2  -1   0   19   0   0   1   7   0   1  18   0   9   1   1   0   8   0  28   1   0   0   6  0.17 0.06
   14 L     0  -2  -3  -3  -1  -2  -2   0  -3   1   3  -2   2   1  -2  -2  -1  -2  -1   2   11   0   0   1   0   0   1   9   0   0  43   1   6   6   0   1   1   0   0  19  0.20 0.06
   15 L     1  -2  -3  -3   2  -2  -2  -2  -2   2   2  -2   2   2  -2  -1  -1  -2   0   2   16   0   0   0   6   0   1   1   0  11  25   0   6  13   0   1   0   0   0  18  0.19 0.06
   16 L     1  -3  -3  -3   1  -2  -3   0  -3   1   3  -2   0   2  -3  -1   0  -2  -1   1   18   0   0   0   3   0   0  10   0   4  43   0   0  10   0   0   5   0   0   8  0.21 0.08
   17 L     0  -3  -4  -4  -2  -3  -3  -3  -3   1   3  -3   2   2  -3  -2  -1  -2  -1   2   11   0   0   0   0   0   0   0   0   0  52   0   4  13   0   0   3   0   0  16  0.37 0.11
   18 V     1  -3  -3  -3  -1  -2  -3  -3  -3   3   2  -3   1   1  -3  -2  -1  -2  -1   3   13   0   0   0   0   0   0   0   0  24  22   0   0   7   0   0   0   0   0  30  0.30 0.09
   19 T    -1  -3  -2  -3   3  -2  -3   1  -3   2   1  -2   0   1  -3  -1   0  -2  -1   2    0   0   0   0   8   0   0  13   0  18  15   0   0   9   0   4   7   0   0  24  0.16 0.06
   20 S     3  -2  -1  -2  -2  -2  -2   3  -2  -2  -2  -2  -2   1  -2   2  -1   2  -1  -1   33   0   0   0   0   0   0  25   0   0   0   0   0   7   0  23   0   3   0   5  0.33 0.10
   21 V     0  -3  -2  -3  -2  -2  -3   2  -3   2   1  -2   0   1  -3  -2  -1   3  -1   2    7   0   0   0   0   0   0  25   0  13  12   0   0   7   0   0   0   6   0  27  0.23 0.08
   22 T     1  -2  -1  -2  -1  -1  -2   1  -2   1   1  -1   0  -1  -2   0   1  -2  -2   1   20   1   1   1   0   1   1  16   0  10  14   1   0   1   1   1  12   0   1  17  0.11 0.04
   23 L    -2  -3  -4  -4  -2  -3  -3  -2  -3   3   3  -3   3  -1  -3  -3  -1  -3  -2   2    0   0   0   0   0   0   0   3   0  23  44   0  12   0   0   0   0   0   0  16  0.45 0.12
   24 L    -1  -3  -3  -3  -2  -2  -3  -3  -3   3   4  -3   2  -1  -1  -1  -1  -2  -2   1    4   0   0   0   0   0   1   1   0  26  54   0   3   0   4   5   1   0   0   1  0.39 0.11
   25 V     0  -2  -2  -2   3  -2  -2  -1  -2   2   0  -2   2   0   1  -1  -1  -2  -1   2   11   1   1   1   8   1   1   6   0  14   5   1  11   4   7   1   1   0   1  25  0.13 0.05
   26 A     1  -2  -1  -2  -2  -1  -1   0   1  -1   0  -1   0   1   3   0  -1   3   0   0   22   1   1   1   0   1   1   9   7   1   8   1   3   8  15   8   1   5   1   7  0.16 0.05
   27 R    -1   0   0   0  -1  -1  -1  -2  -1   1   0  -1   1  -1   0   0   0   5  -1   1    2   8   7   5   1   1   2   2   1  11   9   2   5   1   4   9   2  10   1  19  0.10 0.04
   28 V     0  -3  -3  -4  -2  -3  -3   0  -3   3   1  -3   2   0  -3  -2  -1  -3  -2   4    6   0   0   0   0   0   0   7   0  18  10   0   9   5   0   0   0   0   0  42  0.33 0.12
   29 F    -2  -3   0  -4  -3  -3  -4   0  -3  -1   1  -3   1   6  -4  -3  -2   3   1   1    0   0   5   0   0   0   0   8   0   0  11   0   5  55   0   0   0   5   0  11  0.64 0.18
   30 Q    -2  -2   2   1  -4   2  -1  -3  -2  -4  -4  -1  -3  -4   7  -1  -2  -4  -4  -2    0   0  13   8   0  13   0   0   0   0   0   0   0   0  58   3   0   0   0   2  1.24 0.22
   31 K     0   2   1  -1  -2   1   0   0  -1  -1  -1   2   1  -2   0   0   1  -3  -1   0    5  10   8   0   0   4   3   5   0   0   2  22   6   0   5   7   8   0   3  11  0.12 0.06
   32 A     1  -3  -3  -3  -2  -2  -3  -1  -3   4   1  -2   2   0  -3  -1   1  -3  -2   1   15   0   0   0   0   0   0   3   0  43  13   0   7   2   0   2  12   0   0   0  0.27 0.12
   33 V    -1  -3  -3  -4  -2   0  -3  -4  -3   4   2  -3   0  -1  -3  -2   0  -3  -2   3    4   0   0   0   0   5   0   0   0  34  23   0   0   0   0   0   6   0   0  27  0.39 0.12
   34 D    -2   1   3   2  -4   1   1  -2   2  -4  -4   4  -2  -2  -2   0  -1  -4  -2  -3    0   4  22  10   0   2   8   0   7   0   0  40   0   3   0   5   0   0   0   0  0.47 0.14
   35 Q     0   0   2   1  -3   2   0   0  -1  -3  -2   2  -2   1   0   1   0  -3  -1  -2    5   0  16   7   0  16   4   6   0   0   3  18   0   9   3  11   2   0   0   0  0.20 0.08
   36 S     0   0  -1  -2  -3   4   1  -3  -1  -2  -1   1   3  -3  -2   0   1  -3  -2   0    6   2   0   0   0  34   7   0   0   0   4  11  12   0   0   5  13   0   0   5  0.32 0.13
   37 I    -2  -4  -4  -4  -2  -4  -4  -5  -4   5   2  -4   0   1  -4  -3  -2  -3  -2   3    0   0   0   0   0   0   0   0   0  53  13   0   0   7   0   0   0   0   0  28  0.64 0.17
   38 E    -1   1   0  -1  -3   2   2  -2  -1  -1   0   4  -1  -3  -2   0  -1  -3  -2  -1    0   3   5   0   0  13  13   0   0   4  10  37   0   0   0   9   0   0   0   6  0.29 0.11
   39 K    -1   1  -1   2  -4   2   1  -2  -2  -4  -4   5  -2  -4  -2   0  -2  -4  -3  -3    5   4   0  15   0  12   3   0   0   0   0  58   0   0   0   3   0   0   0   0  0.65 0.19
   40 K     1   0   3   0  -3   2   3   0  -1  -3  -3   0   0  -3  -2   1  -1  -4  -3  -1   15   3  24   0   0  12  22   4   0   0   0   2   3   0   0  10   0   0   0   5  0.32 0.12
   41 I     0  -3  -3  -4  -2  -2  -3  -4  -3   3   1  -1   4  -1  -3  -2   0  -3  -2   4    6   0   0   0   0   0   0   0   0  16   8   5  18   0   0   0   3   0   0  44  0.43 0.15
   42 V     1   1  -1  -2  -2   1  -1  -2  -2   1  -1  -1   0  -2  -2   0   1  -3  -2   3   17  12   3   0   0   7   3   0   0   6   2   0   2   0   0   3  12   0   0  34  0.17 0.10
   43 L    -2  -3  -4  -1  -2  -3  -4  -5  -4   3   4  -3   1  -1  -4  -3  -2  -3  -2   2    0   0   0   5   0   0   0   0   0  15  69   0   0   0   0   0   0   0   0  12  0.65 0.19
   44 R     0   1   0   3  -3   1   2  -2  -1  -4  -3   2  -2  -4  -2   2  -1  -4  -3  -3    7   8   3  24   0   6  11   0   0   0   0  19   0   0   0  22   0   0   0   0  0.41 0.12
   45 N    -2  -1   3   1  -4   1   1  -2  -2  -4  -4   2  -3  -4   5   0   0  -4  -3  -3    0   0  17   9   0   7   9   0   0   0   0  14   0   0  33   6   5   0   0   0  0.69 0.15
   46 G    -1  -2   1   0  -3  -2  -2   5  -2  -4  -4   2  -3  -4  -3   2  -2  -4  -4  -4    0   0   6   6   0   0   0  55   0   0   0  16   0   0   0  17   0   0   0   0  0.73 0.18
   47 T     1  -2  -1  -2  -2  -2  -2  -2  -3  -3  -3  -2  -2  -4  -2   4   5  -4  -3  -2    6   0   0   0   0   0   0   0   0   0   0   0   0   0   0  42  51   0   0   0  0.81 0.25
   48 E    -2   0   1   3  -3   2   2  -3  -1   0   0   0   0  -3   0  -1  -1  -4  -3  -1    0   4   5  27   0  14  18   0   0   8  10   5   2   0   4   0   2   0   0   2  0.30 0.11
   49 A     1   1  -2  -2  -2   1   0  -2  -2   1   0  -1   2  -2  -2   1   0  -3  -2   1   14  10   0   0   0  10   6   0   0   9   3   0  10   0   0  18   2   0   0  16  0.14 0.09
   50 F    -3   4  -3  -4  -4  -2  -3  -4  -1   0  -2  -1  -2   6  -4  -3  -3  -1   4  -2    0  32   0   0   0   0   0   0   0   6   0   0   0  43   0   0   0   0  19   0  0.85 0.23
   51 D    -1   0   3   3  -4   1   3   0  -1  -4  -4   3  -3  -4  -2  -1  -2  -4  -3  -3    4   0  17  21   0   4  19   5   0   0   0  29   0   0   0   0   0   0   0   0  0.52 0.15
   52 S    -2   1   1   1  -3  -1  -1  -1  -2  -1   1   0   5  -1   1   1  -1  -3  -2  -2    0  12   9  10   0   0   0   4   0   0  10   4  29   2   6  13   0   0   0   0  0.22 0.14
   53 W    -5  -5  -6  -6  -5  -4  -5  -5  -4  -4  -3  -5  -3   3  -6  -5  -5  12   3  -5    0   0   0   0   0   0   0   0   0   0   0   0   0   9   0   0   0  84   7   0  3.25 0.48
   54 E     1   0  -2  -1  -3   1   3  -3  -2  -1  -1   1  -1  -3  -2   0  -1  -4  -3   2   10   2   0   0   0   5  35   0   0   0   4  13   0   0   0   9   0   0   0  23  0.30 0.14
   55 K     0   0   3  -1  -3   1   2   0  -1  -3  -3   4  -2  -4  -2  -1  -1  -4  -3  -2   11   0  18   0   0   5  13   5   0   0   0  43   0   0   0   0   2   0   0   4  0.44 0.16
   56 P     0  -2  -2   0  -2   0  -2  -3  -3   3   0  -2   0  -1   2   1   2  -3  -2   1    4   0   0   5   0   4   0   0   0  26   9   0   0   2   9  14  17   0   0  10  0.19 0.10
   57 P    -2  -3  -3  -3  -4  -3  -3   0  -4  -4  -4   0  -4  -5   8  -1  -2  -5  -4  -1    0   0   0   0   0   0   0   9   0   0   0   5   0   0  77   4   0   0   0   5  1.78 0.31
   58 L    -2  -2   0   0  -3   1  -2  -3  -2   1   1  -2   2   4  -3  -2   0  -1   1   1    0   0   5   5   0   9   0   0   0  11   8   0   9  29   0   0   9   0   5  10  0.24 0.12
   59 P     1  -2   2  -1  -3  -2   0  -2  -3  -1  -3   0  -3  -4   6  -1   0  -5  -4  -3   13   0  11   2   0   0   6   2   0   5   0   5   0   0  51   0   5   0   0   0  0.97 0.20
   60 V    -2  -3   1  -3  -2  -3  -3  -4  -2   1   3  -3   0   2  -4  -1  -1  -2   1   2    0   0   9   0   0   0   0   0   0   6  47   0   0   9   0   5   0   0   5  19  0.35 0.14
   61 Y    -3   0   0   4  -4  -2  -1  -3   3  -2  -3  -2  -2   1  -3  -2   0  -1   5  -1    0   5   4  32   0   0   1   0   8   2   0   0   0   5   0   0   7   0  31   5  0.53 0.18
   62 T    -3   1  -3  -4  -3  -2  -3  -4  -2   0   1   0   3   6  -4  -3   0  -1   2  -1    0   9   0   0   0   0   0   0   0   3  13   5  10  49   0   0   7   0   4   0  0.59 0.19
   63 Q    -2   0   0   0  -4   4   0  -3  -1  -4  -3   4  -2  -3  -2   1   0  -3   1  -3    0   0   2   4   0  28   0   0   0   0   0  41   0   0   0  13   5   0   8   0  0.56 0.20
   64 F    -2  -3  -4  -4  -3  -1  -3  -4  -2   3   0  -3   0   4  -4  -3  -2  -1   3   3    0   0   0   0   0   4   0   0   0  19   4   0   0  29   0   0   0   0  10  34  0.54 0.17
   65 Y    -3  -3   0  -4  -4  -3  -4  -4   3  -3  -3  -3   1   1  -5  -3  -3   7   8  -3    0   0   5   0   0   0   0   0   6   0   0   0   5   0   0   0   0  14  70   0  1.57 0.34
   66 F    -1  -3  -4  -4  -2  -3  -4  -4  -3   3   2  -3   2   3  -4  -3  -2  -2   1   2    5   0   0   0   0   0   0   0   0  29  18   0   7  20   0   0   0   0   5  15  0.42 0.13
   67 F    -4  -4  -5  -5  -4  -4  -5  -5  -2  -2  -1  -5  -2   8  -5  -4  -4   4   4  -3    0   0   0   0   0   0   0   0   0   0   0   0   0  79   0   0   0   5  16   0  1.64 0.33
   68 N    -3  -2   7   3  -4  -1   0  -2   0  -5  -5  -2  -4  -4  -3  -1  -2  -5  -2  -5    0   0  76  17   0   0   4   0   2   0   0   0   0   0   0   0   0   0   1   0  1.30 0.31
   69 V    -2  -4  -4  -5  -2  -3  -4  -4  -3   2   1  -3   0   0  -4  -3  -2   4   3   5    0   0   0   0   0   0   0   0   0   6  15   0   0   2   0   0   0   7  13  57  0.63 0.20
   70 T    -2  -2  -2  -3  -3   1  -2  -3  -3  -1  -2  -2  -1  -4  -3   0   6  -4  -3   0    0   0   0   0   0   9   0   0   0   2   0   0   1   0   0   0  82   0   0   6  1.03 0.31
   71 N    -3  -2   8   0  -5  -2  -2  -2  -1  -5  -5  -2  -4  -5  -4  -1  -2  -6  -4  -5    0   0 100   0   0   0   0   0   0   0   0   0   0   0   0   0   0   0   0   0  1.91 0.40
   72 P     0  -4  -3  -3  -4  -3  -3  -3   0  -3  -4  -3  -3  -5   8  -1   0  -5  -4  -1    7   0   0   0   0   0   0   0   2   0   0   0   0   0  77   3   5   0   0   6  1.80 0.31
   73 E    -2  -2   2   4  -4   1   3  -3  -1   0  -2  -1   0  -2  -3   0  -1  -3   1  -1    0   0  13  26   0   4  30   0   0  10   0   0   5   0   0   4   0   0   6   2  0.41 0.15
   74 E    -2   0  -1   3  -5   0   6   0  -2  -4  -4  -1  -4  -5  -3  -2  -2  -4  -4  -3    0   3   0  17   0   0  70   8   0   0   0   0   0   0   0   0   0   0   0   2  0.99 0.26
   75 I    -2  -4  -4  -4  -2  -4  -4  -4  -4   4   0  -4   0   1  -4  -3   0  -3  -2   5    0   0   0   0   0   0   0   0   0  32   0   0   0   8   0   0   5   0   0  55  0.70 0.21
   76 L     0   0   0  -3  -3   3  -1  -3  -1   0   2  -1   4  -1  -3  -1  -1  -2   2   0    8   4   6   0   0  21   0   0   0   2  21   0  21   0   0   2   3   0   8   4  0.25 0.14
   77 R    -1   2   3  -1  -3   3   1  -2  -1  -2  -1   3   1  -3  -2  -1  -1  -4  -3  -1    3   9  23   0   0  22   6   0   0   0   5  21   7   0   0   0   0   0   0   4  0.38 0.15
   78 G     0  -3   1  -2  -4  -3  -3   6  -3  -5  -5  -3  -4  -5   0   0  -3  -4  -4  -4    5   0   6   0   0   0   0  83   0   0   0   0   0   0   4   4   0   0   0   0  1.30 0.26
   79 E     2   1  -1   0  -2   1   1   2   1  -1  -3   1  -2  -3  -2   1  -1  -3  -2  -2   24   6   0   4   0   6  11  15   5   5   0  11   0   0   0  13   0   0   0   0  0.22 0.09
   80 T    -1   2   0  -2  -3   0  -1  -3  -2   1   0   4  -1  -2  -2   0   0  -3   0  -1    3  12   5   0   0   0   0   0   0  12   8  42   0   0   0   6   4   0   5   3  0.28 0.14
   81 P    -2  -4  -2  -3   2  -3  -3  -4  -4  -2  -4  -1  -4  -5   8  -2  -3  -5  -5  -4    0   0   2   0   5   0   0   0   0   4   0   3   0   0  85   0   0   0   0   0  2.14 0.35
   82 R    -2   3   2   0  -3   1   0  -3   1   2  -1   2  -1  -2  -3  -1  -1  -4  -2   0    0  19  11   5   0   8   5   0   4  23   3  15   0   0   0   0   0   0   0   7  0.21 0.11
   83 V    -2  -4  -4  -4  -2  -3  -4  -4  -3   1   3  -4   0   3  -4  -3  -2  -2   1   4    0   0   0   0   0   0   0   0   0   2  29   0   0  17   0   0   0   0   5  48  0.57 0.18
   84 E    -2   2  -1  -1  -4   4   3  -3  -1  -1  -3   3  -2  -4  -2  -1  -2  -4  -3   0    0  14   2   0   0  23  22   0   0   5   0  24   0   0   0   0   0   0   0  10  0.46 0.16
   85 E    -2  -1  -1   1  -5   3   6  -3  -1  -4  -4   1  -3  -5  -3  -1   0  -4  -3  -4    0   0   0   4   0  15  72   0   0   0   0   5   0   0   0   0   4   0   0   0  1.06 0.27
   86 V    -2   2  -3  -4  -2  -2  -3  -4  -1   4   0   0   1  -2  -3  -3  -1  -4  -2   4    0  17   0   0   0   0   0   0   2  31   4   5   4   0   0   0   0   0   0  39  0.44 0.17
   87 G    -1  -4  -2  -3  -4  -3  -4   7  -4  -6  -5  -3  -4  -5  -4  -2  -3  -4  -5  -5    0   0   0   0   0   0   0 100   0   0   0   0   0   0   0   0   0   0   0   0  1.83 0.34
   88 P    -3  -4  -4  -3  -5  -3  -3  -1  -4  -5  -5  -3  -4  -6   8  -3  -3  -6  -5  -4    0   0   0   0   0   0   0   5   0   0   0   0   0   0  95   0   0   0   0   0  2.55 0.40
   89 Y    -4  -4  -4  -5  -4  -4  -4  -5   0  -3  -2  -4  -2   5  -5  -4  -3   0   8  -3    0   0   0   0   0   0   0   0   0   0   2   0   0  26   0   0   0   0  72   0  1.70 0.35
   90 T     1  -1   1  -2   1  -2  -2  -2   2   0  -1  -2  -1   0  -3   0   2  -2   2   2   11   4  10   0   3   0   0   0   6   0   0   0   0   4   0   5  17   0  10  30  0.18 0.12
   91 Y    -4  -4  -4  -5  -4  -4  -4  -5  -1  -2  -2  -4  -2   6  -5  -4  -3   0   7  -3    0   0   0   0   0   0   0   0   0   0   0   0   0  43   0   0   0   0  57   0  1.62 0.33
   92 R    -2   4   1   3  -4   0   2  -3  -1  -3  -1   3  -2  -1  -3  -1  -2  -4  -3  -3    0  30   5  20   0   0  13   0   0   0   8  20   0   3   0   0   0   0   0   0  0.46 0.15
   93 E    -2   1  -2  -1  -5   2   5  -4  -1  -4  -4  -1  -3   0  -3  -2  -2  -2   3  -4    0   9   0   0   0   9  63   0   0   0   0   0   0   4   0   0   0   0  15   0  0.86 0.25
   94 L    -2  -2  -3  -3  -3  -2   0  -4  -2   1  -1   0  -2   3  -4   0  -2   8   4  -2    0   0   0   0   0   0  10   0   0  10   4   7   0  14   0   9   0  29  17   0  0.80 0.20
   95 R    -2   4  -2  -2  -4   0   0  -3   1  -2   0   3  -1   0   0  -2  -2   3   1  -3    0  28   0   0   0   0   5   0   4   0  14  31   0   4   4   0   0   5   5   0  0.41 0.15
   96 N     0  -1   2   3  -4   3   4  -2   2  -4  -4   0  -3  -4  -2  -1   0  -4  -2  -3    9   0  14  15   0  15  32   0   6   0   0   4   0   0   0   0   5   0   0   0  0.50 0.15
   97 K    -2   3   1  -2  -4   0  -1  -3  -2  -4  -3   6   1  -1  -3  -2  -2  -4  -3  -3    0  13   5   0   0   0   0   0   0   0   0  73   5   4   0   0   0   0   0   0  0.91 0.26
   98 A     0  -1  -1   1  -2  -1   1  -2  -1   0  -1   0  -1  -1  -2   2   0  -2   2   2    6   0   0   7   0   0  13   0   0   7   0   8   0   1   0  21   6   0  11  21  0.14 0.10
   99 N    -2  -1   5   3  -4  -1   2  -2  -1  -2  -3   2  -3  -3  -3  -1  -1  -4   0  -1    0   0  39  23   0   0  12   0   0   2   0  14   0   0   0   0   0   0   5   7  0.56 0.18
  100 I     0  -3  -3  -4  -2  -3  -3  -4  -3   3   2  -2   1  -1  -3  -2   0  -2   2   3    5   0   0   0   0   0   0   0   0  30  23   3   2   0   0   0   4   0   8  25  0.36 0.13
  101 Q    -1  -1   2   0  -3   1   3   0   2  -1  -2  -1  -2  -3  -2   0   3  -4  -2   0    0   3  10   3   0   4  24   6   7   4   0   0   0   0   0   5  26   0   0   9  0.26 0.12
  102 F    -3  -3  -2   4  -4   1  -1  -4  -2  -2  -1  -3  -2   6  -4  -2  -3   3   2  -3    0   0   0  29   0   9   2   0   0   0   5   0   0  46   0   0   0   4   6   0  0.72 0.22
  103 G    -1  -1   3   3  -3   0  -1   1   4  -4  -4  -1  -3  -2  -3   2  -1  -3   2  -3    0   2  19  17   0   4   0  10  12   0   0   0   0   0   0  24   0   0  11   0  0.41 0.15
  104 D    -1   0   1   4  -4   1   3  -3  -2  -3  -3  -1  -3  -4   2   0  -1  -4  -3   0    2   5   7  30   0   4  28   0   0   0   0   0   0   0   9   5   0   0   0  10  0.49 0.15
  105 N    -2  -2   4   4  -4   1   3   0   1  -3  -4  -1  -3  -4  -3  -1  -2  -4  -3  -1    0   0  30  24   0   5  20   8   4   0   0   2   0   0   0   0   0   0   0   8  0.52 0.16
  106 G     0   0   1   3  -3   1   2   2  -1  -3  -3   0  -2  -3  -2  -1  -1  -3  -3  -3    5   3   7  27   0   4  15  23   0   1   1   6   0   1   1   1   3   0   0   1  0.36 0.09
  107 T    -1  -2   2   5  -3  -1   2  -2   1  -3  -3  -1   0  -4  -2   1   1  -4  -3  -3    4   0  12  45   0   0  10   0   4   0   0   0   4   0   0   9  13   0   0   0  0.61 0.17
  108 T    -1  -1  -1  -2  -2  -1  -2  -3  -2  -1   0   2  -1   0  -2   1   5  -3   0  -1    0   0   0   0   0   0   0   0   0   0  10  16   0   5   0   9  51   0   4   3  0.42 0.18
  109 I    -1  -3  -4  -4  -2  -3  -4  -4  -4   4   2  -3   4  -1  -4  -3  -1  -3  -2   4    4   0   0   0   0   0   0   0   0  30  11   0  14   0   0   0   0   0   0  40  0.59 0.18
  110 S     0  -2   1  -1  -2  -1   0  -2   0  -3  -3   0  -2   2  -2   4   3  -3  -1  -2    4   0   7   0   0   0   6   0   3   0   0   4   0  11   0  43  22   0   0   0  0.41 0.17
  111 A    -1  -4  -4  -1  -4  -3  -4  -4  -1  -2  -2  -4  -2   6  -4  -3  -3   0   7  -2    7   0   0   4   0   0   0   0   0   0   0   0   0  44   0   0   0   0  45   0  1.22 0.28
  112 V    -1   1   1  -1  -2   0  -1  -2   1   1   0   1   1  -1  -2   0   1  -2   0   1    4   6  10   2   0   5   0   0   4   7   9  14   4   2   0   3  12   0   4  15  0.07 0.05
  113 S    -1   0   0  -1  -3   4   2  -3  -1  -2   1   1   3  -3  -1  -1  -1  -3  -2  -2    3   2   5   0   0  26  16   0   0   0  17  12  12   0   3   1   3   0   0   0  0.29 0.14
  114 N    -1   3   1  -2  -3   0  -1  -2   0  -1  -2   2  -1  -2   2   1  -1   3   2  -2    0  19   7   0   0   3   0   0   1   6   1  20   1   0   9  16   0   5  10   0  0.28 0.12
  115 K    -1   2   4   2  -4   1   0  -2  -1  -4  -4   3  -3  -4  -2   1  -1  -4  -3  -3    5  13  25  13   0   7   0   0   0   0   0  30   0   0   0   7   0   0   0   0  0.50 0.16
  116 A     0   0   0  -2  -2   0  -1   1   0  -2  -2  -1   0  -2   0   2   3   2   0   0    6   5   2   0   0   5   0   9   2   0   0   0   3   0   3  17  35   4   5   5  0.25 0.13
  117 Y     0  -4  -4  -5  -3  -3  -4  -4  -1  -2  -1  -4  -2   6  -1  -3  -3   6   5  -2    9   0   0   0   0   0   0   0   0   0   4   0   0  40   4   0   0  13  29   0  1.02 0.24
  118 V    -2  -1  -3  -3  -3   0  -2  -4   3   3   0  -1   0   3  -3  -2  -2  -1   3   2    0   2   0   0   0   5   2   0   9  29   5   5   0  14   0   0   0   0  14  15  0.30 0.13
  119 F    -3  -4  -4  -2  -4  -4  -4  -4  -2  -2  -1  -2  -2   7   0  -3  -1   4   3  -2    0   0   0   2   0   0   0   0   0   0   0   3   0  71   5   0   4   5   9   0  1.19 0.28
  120 E    -1   1   3   3  -4   2   3  -2  -1   0  -3   0  -2  -4  -2  -1  -1  -4  -3  -2    3   9  22  15   0  13  25   0   0  11   0   2   0   0   0   0   0   0   0   0  0.43 0.15
  121 R     0   1   0  -2  -3   0   1  -3  -2  -3  -3  -1  -3  -4   6   0  -2  -4  -3   0    7   7   6   0   0   5  10   0   0   0   0   2   0   0  48   4   0   0   0  10  0.86 0.19
  122 D     0  -1   1   4  -3   0   3   0   0  -4  -4   0  -3  -4  -2   1  -1  -4  -3  -3    9   0   8  28   0   0  27   8   2   0   0   5   0   0   0  12   0   0   0   0  0.49 0.14
  123 Q     0   1   0   0  -3   2   1  -1  -1  -1   1   2   1  -2   0   0  -1  -3  -2  -1   11   8   5   5   0  11   8   4   0   0  19  16   8   0   3   3   0   0   0   0  0.13 0.07
  124 S     0  -2  -1   2  -2  -2  -1   1  -2  -4  -4  -2  -3  -4  -2   5   2  -4  -3  -3    0   0   0  10   0   0   0   8   0   0   0   0   0   0   0  68  13   0   0   0  0.75 0.25
  125 V     1  -1   1  -2   2  -1  -1  -1   1   0  -1  -1  -1  -1   2   1   1  -2   1   1   12   3   9   0   7   2   2   2   4   4   5   0   0   0   9   9  10   0   8  14  0.10 0.06
  126 G     0   0   0  -2  -3  -2  -2   6  -3  -4  -2  -2  -3  -4   0  -1  -1  -4  -4  -3    5   5   4   0   0   0   2  68   0   0   6   0   0   0   4   2   4   0   0   0  0.82 0.19
  127 D    -1  -2   3   3  -3   0   2  -2  -1  -2   0   0  -2  -3  -2   1   1  -4  -3  -2    0   0  16  25   0   2  16   1   0   0  12   3   0   0   0  12  13   0   0   0  0.34 0.12
  128 P    -1   0  -1   1  -3   0   3  -2  -1  -2  -1  -1  -2  -1   4  -1   1  -3  -2  -2    1   4   1   8   0   3  28   1   0   1   5   1   0   4  26   1  12   0   1   1  0.47 0.11
  129 K    -1   0   1   1  -3   0   2   0  -1   0   0   0   2  -2  -2  -1   0  -3   0   0    0   4  10   6   0   0  24   7   0   9   7   7   9   0   0   0   8   0   5   4  0.12 0.09
  130 I    -1  -1   0   0  -2  -1   1  -2  -2   2   0   1   1  -2  -2   1  -1   2  -2   1    3   0   3   6   0   0  11   1   0  22   4  11   4   0   0  14   1   4   0  15  0.10 0.07
  131 D    -2  -3  -1   5  -3  -1   1  -3  -3   1  -2  -2   1  -3  -3  -1   2  -5  -3   0    0   0   0  52   0   0   9   0   0  10   0   0   5   0   0   0  18   0   0   6  0.66 0.21
  132 L    -2  -1   0  -1  -2  -1   0  -2  -2   1   1  -1   3   1  -3  -1   1  -2   2   1    0   3   6   2   0   0   7   2   0  11  14   4  16   5   0   0   9   0   9  11  0.12 0.08
  133 I    -1  -3  -1  -3  -3  -3  -2  -4  -3   4   0  -3  -1   2   4  -2  -2  -3  -2   1    3   0   4   0   0   0   2   0   0  38   7   0   0   9  28   0   0   0   0   9  0.57 0.17
  134 R    -2   1   2  -2  -3  -1  -1  -3   5  -1  -2  -1  -2  -2   0  -1   3  -3   2   0    0   8  12   0   0   0   2   0  23   4   0   0   0   0   5   0  28   0   8  10  0.38 0.17
  135 T     0  -2   0   0  -2  -2  -2  -1   1   1   0  -2   1  -2   3   0   2  -3  -2   1    4   0   5   5   0   0   0   3   6   9   9   0   5   0  16   5  17   0   0  16  0.19 0.09
  136 L    -1  -3  -4  -4  -2  -3  -3  -4  -3   3   3  -2   2   2   2  -3  -2  -2  -1   1    4   0   0   0   0   0   0   0   0  23  32   3   5  12  13   0   0   0   0   8  0.37 0.13
  137 N    -1   0   5  -1  -3  -1  -2   0   3   1  -1   0   3  -3  -2  -1  -1  -4  -2  -1    5   3  46   0   0   0   0   5   8  10   5   4  11   0   1   0   0   0   0   2  0.42 0.18
  138 I    -1  -2  -3  -3  -2   0  -1  -3  -1   2   2  -1   2   1   0  -1  -1  -2  -1   1    4   0   0   0   0   7   5   0   1  21  27   3   8   9   5   4   0   0   0   4  0.18 0.09
  139 P     1  -2  -2  -2  -2   0  -2   2   0  -1   0  -2  -1  -1   4   0  -1  -3  -2  -1   18   0   0   0   0   6   0  21   3   4  11   0   0   2  23   8   0   0   0   4  0.35 0.11
  140 V     1  -3  -3  -4  -2  -2  -3  -1  -1   1   1  -3   3  -1  -3  -1   0  -2   1   3   12   0   0   0   0   0   0   4   2   4   9   0  16   0   0   2   4   0   7  38  0.28 0.13
  141 L     1  -3  -1  -3  -2  -2  -3   1   0   1   3  -2   1  -1  -3  -1  -1  -3  -2   2   20   0   3   0   0   0   0  13   4   5  37   0   2   0   0   0   0   0   0  16  0.22 0.11
  142 T     2   0   0  -2  -2   0  -1   0  -2   0   0  -1  -1  -1  -2   2   3  -3  -2  -1   20   4   3   0   0   5   0   5   0   8  10   0   0   2   0  19  24   0   0   0  0.19 0.11
  143 V     2  -3  -2  -3  -2  -2  -2  -3  -3   2   0  -2   3  -2  -3   0   2  -3  -2   3   21   0   1   0   0   0   0   0   0  11   5   0  13   0   0   3  17   0   0  28  0.29 0.13
  144 I     1  -3  -3  -3  -2  -1  -3  -3  -3   3   1  -2   3  -2   1  -1  -1  -3  -2   3   13   0   0   0   0   2   0   0   0  18   6   0  15   0   7   6   0   0   0  32  0.32 0.13
  145 E    -1   1   0   1  -3   3   2  -2   3  -2  -2   1   2   0  -2   0  -1  -3  -1  -1    3   5   4   6   0  21  20   2  10   0   0   6  10   6   0   4   0   0   0   3  0.27 0.11
  146 W    -2   4   0   0  -3  -1   1   1  -2   0  -1   0   1  -3   0  -1  -2   1  -2  -2    0  38   5   4   0   0  10  14   0   9   7   0   6   0   4   0   0   2   0   0  0.27 0.12
  147 S     1  -2   0   3  -3   1   2  -2  -1  -3  -2  -1  -2  -2   1   1   0  -3   1  -2   16   0   3  23   0   5  19   0   0   0   3   0   0   0   5  14   3   0   9   0  0.31 0.11
  148 Q     0   2  -1  -2  -3   3   0  -1  -2  -2  -1   3   1  -3  -1  -1   2  -3  -2  -1   10  14   0   0   0  19   0   4   0   0   3  26   6   0   2   0  15   0   0   2  0.31 0.13
  149 V     0   0   1  -2   2   0   0  -2  -2  -1   0   0   1  -2   3   0  -1  -3   0   0    9   4   9   0   5   4   7   0   0   0   9   3   7   0  19   7   0   0   4  12  0.19 0.08
  150 H     2  -1   1   1  -2   0   0   1   1  -2  -2   0   0  -3   0   1   0  -3  -2  -1   29   2   6   8   0   5   5  11   5   0   0   4   3   0   4  10   6   0   0   2  0.19 0.07
  151 F    -1  -3   0  -3  -2  -2  -2  -2  -2   1   1  -3   5   4  -3   0  -1  -2   0   1    3   0   5   0   0   0   2   2   0   7   9   0  29  25   0   8   2   0   0   7  0.35 0.15
  152 L     0  -2  -4  -4  -2  -3  -3  -4  -3   1   4  -3   4   0  -4  -3  -2  -3  -2   2    6   2   0   0   0   0   0   0   0   3  50   0  18   3   0   0   0   0   0  18  0.51 0.16
  153 R    -1   2   2  -1  -3   2   1   0  -1  -2  -2   2  -2  -3   2   0   0  -3  -3  -1    4  14  13   0   0   9  11   7   0   0   4  17   0   0  10   3   3   0   0   5  0.25 0.08
  154 E     0   0  -1  -2  -2  -1   0  -1  -2   0   2   1   3  -2  -2   0   0  -3  -2   0    7   2   3   0   0   0   6   4   0   0  27  15  15   0   0  10   5   0   0   7  0.12 0.09
  155 I     0  -3  -3  -4  -2  -3  -3  -1   0   4   2  -3   2  -1  -3  -2  -1  -3  -2   2    8   0   0   0   0   0   0   7   3  45  14   0   6   0   0   2   0   0   0  14  0.38 0.15
  156 I     0  -2   0  -2  -2  -2  -2   1  -2   2   1   0   2  -2  -3   0   0  -3  -2   1    6   0   7   0   0   0   0  12   0  19  13   7  11   0   0   9   3   0   0  14  0.12 0.08
  157 E    -1  -1   4   1  -3   0   2  -2  -1  -3  -2   3  -2  -2  -2  -1   1  -4  -3  -3    3   0  34   6   0   0  13   0   0   0   5  25   0   2   0   0  12   0   0   0  0.45 0.17
  158 A     2  -2  -1  -2  -2   1  -1   1  -2   0   0  -1  -1   0   0   0  -1  -3  -2   0   29   0   3   0   0   9   3  14   0   7   9   0   0   6   5   8   0   0   0   7  0.13 0.08
  159 M     0  -3  -1  -2  -2  -2  -3  -2  -3   3   2  -3   4   2  -3  -2  -2  -2  -1   1   10   0   3   2   0   0   0   3   0  24  22   0  22  10   0   0   0   0   0   2  0.33 0.14
  160 L    -1  -3   3  -1  -3  -2  -3  -3  -2   1   2  -3   1   4  -1  -1  -2  -2   0  -1    7   0  20   2   0   0   0   0   0  12  26   0   4  24   3   1   0   0   0   0  0.28 0.14
  161 K    -1   1   1   1  -3   0  -1   1  -2   0  -2   3  -2  -3  -2   1  -1  -4  -3  -1    2   6   8   9   0   0   0  12   0   8   1  36   0   0   0  12   2   0   0   3  0.26 0.12
  162 A     1  -1   0   0  -2  -1   0  -2   1   1   0   1   0  -2   0   0   0  -3  -2   1   18   0   6   7   0   0   5   0   4  17  12  10   0   0   5   2   8   0   0   7  0.07 0.06
  163 Y    -2  -2  -3  -3  -3  -2  -1  -3  -1  -1   1  -1   1   4   0   0  -2   0   5  -1    0   0   0   0   0   0   4   0   0   0  18   5   3  28   6   8   0   0  24   3  0.42 0.15
  164 Q    -1   0   1   1  -3   2   1   2  -1  -2  -3   1  -2  -1   3   0   0  -3  -2  -2    2   4   8  11   0  12   7  17   0   2   0  10   0   3  14   3   5   0   0   3  0.26 0.08
  165 Q     0   1   0   2  -3   3   1   1  -1  -3  -3   1  -1  -3  -2   1   0  -3  -2  -1    5   8   3  14   0  18  10  11   0   0   0   9   2   0   0  12   3   0   0   5  0.24 0.08
  166 K     0   1  -1   1  -2  -1  -1   2  -2  -3  -3   1  -2  -3   1   2   0  -3  -3  -1    4   9   0  10   0   0   0  17   0   0   0  12   0   0   7  29   2   0   0   6  0.27 0.11
  167 L     1  -2  -3  -3  -2  -2  -3  -3  -3   1   2  -2   3   2   3  -2  -1  -2  -1   1   16   2   0   0   0   0   0   0   0   5  21   0  13  15  15   0   0   0   0  10  0.28 0.11
  168 F    -3  -4  -4  -1  -3  -4  -4  -4  -3   2   1  -4   2   7  -4  -3  -1  -1   2  -1    0   0   0   5   0   0   0   0   0  12   9   0   5  60   0   0   4   0   4   0  0.88 0.24
  169 V    -1   1  -3  -3  -2   1  -2  -4  -3   2   1  -1   3   0  -3  -2   0  -3  -2   3    0   9   0   0   0   7   0   0   0  11  14   2  10   3   0   1   6   0   0  36  0.27 0.13
  170 T    -1   1   2   0  -2  -1  -1  -2  -2  -1  -2   1  -2  -1  -2   1   4  -4  -2   1    1  11  13   5   0   0   0   0   0   2   0   9   0   3   0   9  36   0   0  12  0.29 0.14
  171 H     0   3  -1  -2   1   0  -1  -3   4   0  -2   3  -1  -3  -3  -1   0  -4  -2   0    9  27   2   0   5   0   0   0  14   5   0  21   2   0   0   0   6   0   0  11  0.31 0.14
  172 T     0   0  -1  -2  -2  -1  -1  -2  -2  -1  -2   2  -2  -2   0   2   4  -4  -3   0    7   5   0   0   0   0   0   0   0   2   0  14   0   1   4  22  41   0   0   4  0.40 0.17
  173 V     0  -3  -3  -4  -2  -3  -3  -4  -3   1   1  -2   4   0  -1  -1  -1  -3  -2   4    8   0   0   0   0   0   0   0   0   0  10   2  16   4   3   5   0   0   0  53  0.44 0.19
  174 D    -2   2  -1   4  -4  -1   0   1   3  -3  -1   1   2  -3  -3  -1  -2  -3   0  -3    0  14   0  37   0   0   3  13   9   0   5   8   9   0   0   0   0   0   3   0  0.40 0.16
  175 E    -1  -2  -1   4  -4   1   4  -2  -2   0  -1  -1  -2  -2  -3  -1  -2  -4  -3  -1    3   0   0  29   0   4  42   3   0   7   7   0   0   1   0   0   0   0   0   4  0.54 0.19
  176 L    -3  -3  -4  -5  -3  -3  -4  -5  -3   2   4  -4   2   3  -4  -4  -2   5   1   0    0   0   0   0   0   0   0   0   0  15  51   0   6  15   0   0   0  10   3   0  0.68 0.19
  177 L    -2  -3  -4  -2  -3  -3  -3  -4  -3   1   4  -3   3   4  -4  -2  -2  -2  -1   0    1   0   0   3   0   0   0   0   0   4  56   0   9  21   0   3   0   0   0   3  0.57 0.18
  178 W    -1   0  -3   1   0  -3  -3  -4  -3  -1  -2  -3  -2   6  -4  -3  -3   8   1  -3    5   8   0  11   3   0   0   0   0   3   0   0   0  44   0   0   0  27   0   0  1.08 0.27
  179 G    -1  -1   2  -1  -4  -2  -3   6  -3  -4  -3   0  -2  -4  -3  -1  -2  -4  -4  -4    3   4  12   2   0   0   0  71   0   0   2   5   2   0   0   0   0   0   0   0  1.01 0.24
  180 Y    -2  -3  -3  -2   2  -3  -3  -4  -1   1   0  -2   0   2  -4   0  -1   0   6   0    0   0   0   2   6   0   0   0   0  11   5   3   1   8   0   8   3   0  46   7  0.58 0.20
  181 K     0   1   0   1  -3   2   2  -2  -1  -3  -2   3  -2  -4  -2   0   2  -4  -3  -2   10   5   2   8   0  10  13   0   0   0   2  32   0   0   0   2  16   0   0   0  0.36 0.14
  182 D     0  -2   0   5  -4  -1   1   1   1  -2  -4   1  -3  -2  -3   0  -2  -4  -3  -3    7   0   0  53   0   0   3  12   4   2   0  11   0   3   0   5   0   0   0   0  0.63 0.19
  183 E     1  -2   0   0  -4  -1   3   0  -2  -3  -3   0  -3  -1   5  -1  -1  -4  -3  -3   13   0   4   5   0   0  27   8   0   2   0   4   0   3  33   0   2   0   0   0  0.62 0.17
  184 I     1  -3  -3  -3   0  -3  -3  -1  -3   2   1  -3   1   3  -3   0  -1  -2  -1   1   19   0   0   0   2   0   0   4   0  21  17   0   2  17   0   6   0   0   0  12  0.22 0.11
  185 L     0  -2  -3  -3   2  -2  -2  -2  -3   1   3   0   0  -1   1  -1   0  -3  -2   1    6   0   0   0   6   0   0   2   0  10  39  10   0   0   7   5   6   0   0   8  0.20 0.10
  186 S     0  -1   2   2   1   2   0   0   1  -3  -3   1  -2  -4  -2   3   0  -4  -3  -3    3   0  13  13   4  11   0   6   4   0   2   9   0   0   0  33   1   0   0   0  0.33 0.14
  187 L     0  -2  -2  -3   1  -1  -1  -1  -2   1   2  -2   1   1  -3  -1  -1  -2   1   1   12   0   0   0   3   3   3   6   0   3  31   0   4   8   0   5   3   0   6  13  0.12 0.07
  188 I     0  -1  -3  -3   2  -2  -2   0  -3   2   2   0   2  -1  -3  -2  -1  -3  -2   2    8   3   0   0   7   0   0   9   0  18  20   9  10   0   0   0   0   0   0  16  0.18 0.09
  189 H    -1   1   2  -1   2   1   0   0   4  -3  -2   1  -1  -2   1   0  -1  -2   1  -2    1   6  12   0   6   9   4   9  18   0   3   8   2   0   8   5   2   0   6   1  0.21 0.09
  190 V     0  -2  -2  -1  -2  -1   0  -3  -2   1   0   1   0   0   1  -1   0  -2   1   2    6   0   0   5   0   2   5   0   0   8   8  11   1   4   9   0   3   0   7  29  0.12 0.08
  191 F    -1  -2   1   2  -2  -2  -2  -3  -1   0   1  -2   0   3  -1   0  -1  -1   2   0    3   0   9  15   0   0   0   0   0   4  18   0   2  20   2   8   0   0  11   7  0.17 0.09
  192 R    -1   2  -1  -1  -3   3   2  -1  -1  -1  -1   2  -1   0  -2  -1   0  -3  -2  -2    0  10   0   0   0  16  20   5   0   6   7  19   0   6   0   3   6   0   0   0  0.23 0.10
  193 P     0  -2  -1  -1  -3  -1  -1  -1  -3  -1  -3  -1  -3  -4   6   0   1  -4  -3  -2    7   0   3   3   0   2   3   5   0   4   1   4   0   0  53   8   8   0   0   0  0.97 0.18
  194 D    -1  -1   2   3  -3   0   0   0   2  -2  -1   0  -2  -3   1   0  -1  -3  -2  -2    5   0  15  26   0   5   3   4   8   0   9   8   0   0   6   7   2   0   0   2  0.24 0.08
  195 I     0  -2   2   1  -2  -1  -1   0  -2   1   0  -2   2   1  -2   0  -1  -3  -1   1    7   0  16  11   0   0   4   8   0  11   3   0   9   8   0   4   2   0   0  16  0.08 0.07
  196 S     1  -1   1   1  -2   2   0  -1  -1  -1  -1  -1   0   0   1   2   0  -2  -1  -1    9   1   5   8   0  14   1   4   0   1   5   1   4   7   5  23   4   0   1   6  0.11 0.06
  197 P    -1  -2  -2  -2  -2  -2  -2  -2  -2  -2   0  -2   0   3   6  -1   0  -2  -1  -2    4   1   1   1   0   1   1   1   0   1  10   1   3  16  47   1   9   0   1   1  0.81 0.15
  198 Y    -1   2  -1  -2  -2  -1  -2  -3   1   0   1  -1   0   2   0  -1   0  -1   4  -1    4  14   4   1   0   0   1   1   4   5  20   3   0  10   5   1   7   0  22   1  0.19 0.09
  199 F    -3  -4  -3   0  -3  -4  -3  -4  -3   1  -1  -4  -1   7  -4  -3  -3  -1   1   0    1   0   0   7   0   0   0   0   0  10   1   0   0  72   0   0   0   0   0   6  1.06 0.25
  200 G     0  -2   1  -1  -2   0  -1   3  -2  -3  -3  -1  -2  -3  -2   4   0  -3  -3  -3    5   0   7   0   0   4   0  30   0   0   2   0   0   0   0  48   0   0   0   0  0.56 0.18
  201 L    -2  -3  -4  -4   2  -3  -4  -4  -2   2   3  -3   3   4  -4  -3  -2   3   2   1    0   0   0   0   6   0   0   0   0  12  31   0  11  20   0   0   0   4   9   7  0.46 0.14
  202 F    -1  -3  -3  -4  -3   0  -3  -4   1   0   1  -3   1   6  -4  -2  -2  -1   1  -1    7   0   0   0   0   7   0   0   4   3  16   0   4  55   0   2   0   0   0   0  0.67 0.20
  203 Y     0  -2   1   0  -3  -2  -2   3  -1  -2  -1  -2  -2  -1  -3   1  -1  -2   3  -1    8   0  10   6   0   0   0  33   0   0   6   0   0   2   0  14   0   0  17   4  0.32 0.13
  204 E    -2  -1  -1   0  -3   3   1   0   4  -2  -1  -1   0  -3   4  -1   0  -3  -2   0    0   0   0   4   0  19  11   7  14   0   6   0   3   0  21   1   6   0   0   8  0.37 0.13
  205 K     0   4  -2  -3  -3   1  -1  -3  -1  -2   0   3   2  -2  -3  -1  -2  -2   2  -2    8  25   0   0   0   6   0   0   0   0  11  27   9   0   0   2   0   0  12   0  0.36 0.15
  206 N    -3  -2   8   0  -5  -2  -2  -2  -1  -5  -5  -2  -4  -5  -4  -1  -2  -6  -4  -5    0   0 100   0   0   0   0   0   0   0   0   0   0   0   0   0   0   0   0   0  1.94 0.41
  207 G     0   0   4   0  -3  -1   0   3   4  -4  -3  -1   0  -3  -3  -1  -2  -4  -2  -3    9   7  30   4   0   0   4  28  13   0   0   0   5   0   0   0   0   0   0   0  0.49 0.16
  208 T    -1  -3  -1  -2  -2  -2  -2  -3  -3  -3  -3  -2  -2  -4  -3   3   6  -4  -3  -2    0   0   0   0   0   0   0   0   0   0   0   0   0   0   0  30  70   0   0   0  1.05 0.31
  209 N     0  -2   1   3  -2  -1   1  -1  -1   0  -1  -1  -1  -2  -1   1  -1  -3   1   1    5   0   9  19   0   0  12   3   0   6   6   0   0   0   3  12   0   0   9  17  0.14 0.09
  210 D     1  -2   2   5  -3  -1   0  -1   3  -2  -3  -2  -3  -4  -2   1  -1  -4  -3  -3   13   0   8  44   0   0   3   3   9   2   2   0   0   0   0  13   2   0   0   0  0.52 0.16
  211 G    -1  -2  -2  -2  -4  -2   0   5  -3  -2  -4   1  -3  -4   3  -1   0  -4  -4  -3    0   0   0   0   0   0   7  56   0   4   0   9   0   0  15   2   6   0   0   0  0.74 0.19
  212 D    -2   2   0   2  -3  -1   0  -3   2   0   0  -1   0  -2   2  -1  -1  -4  -2   0    0  19   5  14   0   0   6   0   8   6  13   0   2   0  13   0   2   0   0  11  0.20 0.10
  213 Y    -2  -1  -1  -3  -3  -2   0  -4  -1   0  -1  -1  -1   5  -4  -1  -2   3   5   1    0   2   4   0   0   0   6   0   0   4   0   3   0  29   0   6   0   4  29  11  0.52 0.17
  214 V    -1  -2   0  -2  -2  -1   1  -3  -3   1  -1   1  -1  -2  -3  -1   4   3  -2   2    0   0   4   0   0   0  10   0   0  13   3  12   0   0   0   0  37   5   0  16  0.30 0.15
  215 F    -2  -3  -3  -4  -2  -1  -3  -4  -3   3   0  -3   3   1  -3  -2   1  -3   1   4    0   0   0   0   0   3   0   0   0  20   0   0  11   5   0   0  11   0   6  43  0.44 0.17
  216 L    -2  -3   1  -3   3  -2  -3  -3   2   1   1  -3   0   4  -3  -2  -2  -1   2   1    0   0  10   0   8   0   0   0   7   8  15   0   0  28   0   0   0   0   6  14  0.30 0.11
  217 T    -2   4   1  -2  -3  -1  -2  -3  -2  -3  -3   2  -2  -4  -3  -1   5  -4  -3  -2    0  28   7   0   0   0   0   0   0   0   0  13   0   0   0   0  51   0   0   0  0.72 0.24
  218 G    -1  -4  -2  -3  -4  -4  -4   7  -4  -6  -5  -3  -4  -5  -4  -2  -3  -4  -5  -5    0   0   0   0   0   0   0 100   0   0   0   0   0   0   0   0   0   0   0   0  1.86 0.34
  219 E    -1   0  -2  -3  -2   1   0  -3  -2   3  -1   1  -1  -2  -3  -2   0  -3   0   3    4   5   0   0   0   6   5   0   0  22   0  14   0   0   0   0   6   0   5  32  0.22 0.12
  220 D    -2   0   1   3  -4   2   1   1  -2  -4  -4   4  -3  -4  -2  -1   0  -4  -3  -3    0   0   5  23   0  14   5   9   0   0   0  38   0   0   0   0   7   0   0   0  0.52 0.17
  221 S    -3  -2   6   5  -5  -1   1  -2  -1  -5  -5  -2  -4  -5  -3   0  -2  -5  -4  -4    0   0  47  45   0   0   5   0   0   0   0   0   0   0   0   3   0   0   0   0  1.16 0.27
  222 Y    -2  -3   1  -3  -2  -3  -3  -4  -2   3   0  -3   0   2   2  -2  -2  -2   2   2    0   0   9   0   0   0   0   0   0  32   6   0   0  12  12   3   0   0  11  16  0.33 0.13
  223 L     0   0   1   0  -2  -1  -1  -2   0  -2   0   1   3  -1  -2   2   0  -3  -1  -2    9   2   6   6   0   0   0   0   3   0   9  13  17   2   0  27   3   0   2   0  0.17 0.12
  224 N    -1   2   2   3  -4   0   1  -2  -1  -3  -1   3   1  -3  -2  -1  -2  -4  -3  -3    2  11   9  23   0   0   8   0   0   0   7  33   7   0   0   0   0   0   0   0  0.39 0.14
  225 F    -1  -3  -3  -4  -2  -3  -3  -4  -4   2   3  -3   2   1  -3  -2   1  -3  -2   3    4   0   0   0   0   0   0   0   0   9  33   0   4   5   0   0   9   0   0  36  0.41 0.14
  226 T     0  -3   1  -2  -3  -1  -2   5   3  -4  -3  -2  -3  -4  -3   1   0  -4  -3  -3    7   0   6   0   0   2   0  59   9   0   3   0   0   0   0   8   6   0   0   0  0.74 0.18
  227 K    -2   2   0  -2  -3   3   0  -3   0   0   0   2   1   0  -2   0  -1  -2   0  -2    0  14   4   0   0  23   3   0   2   7   9  17   6   5   0   6   0   0   4   0  0.22 0.11
  228 I    -2  -4  -4  -4  -2  -3  -4  -5  -4   4   1  -3   2  -2   1  -3  -2  -4  -2   4    0   0   0   0   0   0   0   0   0  39   4   0   7   0   6   0   0   0   0  44  0.68 0.20
  229 V    -2  -3  -2   2  -2  -1   0  -3   1   2   0  -2  -1   1  -3  -2   1  -3  -1   3    0   0   0  15   0   3   8   0   4  19   3   0   0   6   0   0  11   0   0  32  0.22 0.12
  230 E     1   0  -1  -1  -3   0   3  -1   1  -3  -2   2  -2  -3  -2   2   2  -4  -2  -2   11   3   0   0   0   0  23   3   4   0   2  18   0   0   0  18  17   0   0   0  0.31 0.13
  231 W    -2  -4  -4  -5  -3  -3  -4  -4  -2   0   0  -4   0   5  -5  -3  -3   9   5   0    3   0   0   0   0   0   0   0   0   4   5   0   2  28   0   0   0  31  21   6  1.23 0.25
  232 N     1   0   5   3  -4   1   1  -2  -1  -4  -4   2  -3  -4  -3  -1  -1  -4  -3  -3   14   4  40  15   0   6   6   0   0   0   0  14   0   0   0   0   0   0   0   0  0.56 0.17
  233 G    -1  -3   1   2  -4  -2   1   5  -2  -5  -5  -2  -4  -4  -3   0  -2  -4  -4  -4    0   0   8  14   0   0  12  62   0   0   0   0   0   0   0   4   0   0   0   0  0.91 0.21
  234 K    -1   1  -1  -1  -3   2   3  -3  -2  -1   1   4  -1  -3  -2  -1  -2  -4  -3  -2    2   6   0   0   0   9  22   0   0   4  16  37   0   0   0   3   0   0   0   1  0.38 0.15
  235 T    -1   0   1  -1  -3  -1   1  -2   0  -3  -3   1  -2  -4   2   2   4  -4  -3  -2    0   6   6   0   0   0  13   0   3   0   0   6   0   0  12  19  35   0   0   0  0.43 0.16
  236 S    -2  -1   3   0  -4   2   4  -2   1  -3  -3   2  -2   1  -2   0   0  -3  -2  -3    0   0  17   0   0  10  35   0   4   0   0  14   0   9   0   7   5   0   0   0  0.44 0.16
  237 L    -2  -2  -1  -3  -2   1  -3  -4  -3   1   4  -2   4  -1  -3  -2   0  -3  -2   1    0   0   4   0   0   8   0   0   0   3  49   0  18   0   0   0   8   0   0   9  0.45 0.17
  238 D    -1  -2   2   4  -3   0   1   1  -2  -3  -4  -1  -3  -4  -1   2   2  -4  -3  -3    2   0  13  33   0   3   4   8   0   0   0   2   0   0   2  18  14   0   0   0  0.47 0.14
  239 W     0  -2   0  -3   2  -3  -3  -3  -2   2  -1  -3   1   3  -4  -2  -2   5   4   1    8   2   6   0   6   0   0   0   0  17   0   0   5  13   0   0   0   9  20  14  0.37 0.14
  240 W    -4  -4  -5  -5  -4  -4  -4  -4  -3  -4  -3  -4  -3   1  -5  -4  -4  12   3  -4    0   0   0   0   0   0   0   0   0   0   1   0   0   4   0   0   0  82   8   0  3.03 0.43
  241 I    -1   0  -1   1  -2  -1   0   1   2  -1   0  -1  -1  -2   4  -1   0  -2  -1  -1    3   5   2   8   1   2   6  12   9   6  10   2   1   1  21   3   5   0   1   2  0.21 0.04
  242 T    -1   1   2   1  -3   0   1   2  -1  -3  -3  -1   0  -3   1   1   2  -3  -2  -2    0  10  11   8   0   0  11  16   0   0   1   0   4   0   6  15  15   0   0   0  0.24 0.09
  243 D    -1   0   2   4  -3  -1   1   2  -2  -3  -2   0  -3  -3  -2   1  -1  -4  -3  -3    0   3  11  36   0   0   7  16   0   0   5   5   0   0   0  15   0   0   0   0  0.44 0.13
  244 K    -1  -1  -1   0  -3   2   3  -2   2  -3  -3   1  -1  -2   1   1   1  -2   2  -2    1   0   0   2   0   9  22   0   6   0   0  12   2   0   7  14  10   0  10   3  0.27 0.11
  245 C     0  -4  -4  -5  10  -4  -5  -4  -5  -3  -3   0  -3  -4  -4  -2  -2  -4  -4   0    9   0   0   0  78   0   0   0   0   0   0   6   0   0   0   0   0   0   0   6  1.99 0.37
  246 N    -2   0   6   1  -4   1  -1   1  -1  -1  -2  -1  -3  -4  -3  -1  -2  -5  -3  -3    0   5  58   7   0   6   0  13   0   6   4   0   0   0   0   0   0   0   0   0  0.72 0.22
  247 M    -2   1   0  -2  -3   4   2  -3  -1   0  -1   2   4  -3  -3  -1  -1  -3  -2   1    0   7   5   0   0  24  14   0   0   4   2  13  19   0   0   0   1   0   0  11  0.33 0.16
  248 I    -2  -3  -4  -4  -3  -3  -1  -4  -2   4   1  -3   0   3  -4  -3  -2  -1   3   2    0   0   0   0   0   0   6   0   0  37  10   0   0  17   0   0   0   0  14  15  0.47 0.16
  249 N    -2  -1   4  -1  -3   2   0   0   2  -1  -3   1  -1  -3  -3   0   0  -4  -2   0    0   0  37   0   0  10   6   6   7   5   0   7   1   0   0   6   4   0   0  10  0.33 0.14
  250 G    -1  -4  -2  -3  -4  -3  -4   7  -4  -5  -5  -3  -4   0  -4  -2  -3  -4  -4  -5    0   0   0   0   0   0   0  94   0   0   0   0   0   6   0   0   0   0   0   0  1.63 0.32
  251 T    -1  -3  -1  -2  -2  -2  -2  -3  -3  -3  -3  -2  -2  -4   0   2   6  -4  -3  -2    0   0   0   0   0   0   0   0   0   0   0   0   0   0   5  18  78   0   0   0  1.07 0.31
  252 D    -2  -3   1   6  -4  -1   1  -3  -2  -4  -4  -2   0   0  -3   0   0  -4  -3  -4    1   0   4  66   0   0   6   0   0   0   0   0   4   6   0   7   4   0   0   0  0.92 0.24
  253 G     2  -3  -1  -2  -3  -2  -2   5  -3  -4  -4  -2  -3  -4  -3   3  -1  -4  -4  -3   21   0   0   0   0   0   0  48   0   0   0   0   0   0   0  31   0   0   0   0  0.79 0.21
  254 D     0  -2  -1   2  -3   1   1   1  -2  -3  -3  -1  -2  -4  -2   2   4  -4  -3  -2    7   0   0  13   0   9  11  11   0   0   0   0   0   0   0  14  35   0   0   0  0.38 0.15
  255 S    -1  -2  -2  -3  -2   2  -2  -1  -2   3   0  -2   3   0  -3   1  -1  -3   0   2    3   0   0   0   0  13   0   5   0  21   0   0  13   4   0  17   0   0   4  20  0.20 0.13
  256 F    -4  -4  -5  -5  -4  -4  -5  -5  -3  -2   1  -5  -1   7  -5  -4  -4   5   3  -2    0   0   0   0   0   0   0   0   0   0  11   0   0  73   0   0   0   9   7   0  1.42 0.30
  257 H     1  -3  -3  -3  -4  -2  -2  -3   1  -4  -4  -1  -4  -5   7   0  -2  -5  -4  -3   15   0   0   0   0   0   0   0   5   0   0   4   0   0  72   5   0   0   0   0  1.68 0.30
  258 P    -3  -3   0  -3  -5  -3  -3  -4  -4  -5  -5   0  -4  -5   8  -1  -3  -6  -5  -4    0   0   4   0   0   0   0   0   0   0   0   5   0   0  88   3   0   0   0   0  2.27 0.37
  259 L    -2  -3  -1  -1  -3  -3  -3   0  -2   1   1  -1  -1   6  -4  -3  -2  -1   3  -1    0   0   4   3   0   0   0   9   0   9  14   4   0  45   0   0   0   0   9   0  0.49 0.16
  260 I    -2   0  -3  -1  -2   0  -2  -4  -3   2   3  -2   4  -1  -3  -3  -2  -3  -2   2    0   7   0   5   0   6   0   0   0  10  42   0  15   0   0   0   0   0   0  14  0.36 0.14
  261 T    -1  -1   0  -1  -3   0   2  -1  -2  -3  -3   2  -2  -4   0   2   4  -4  -3  -2    0   0   4   0   0   3  15   4   0   0   0  16   0   0   3  19  37   0   0   0  0.42 0.17
  262 K    -1   1   0   1  -4   1   2  -1   0  -3  -3   4  -2  -3   2  -1   0  -4  -1  -2    2   7   5   6   0   3  14   5   1   0   0  36   0   0   9   0   6   0   2   4  0.33 0.12
  263 D    -1  -1   2   2  -3   1   2  -1   1  -3  -3   2  -2  -3   1   0   1  -4  -2  -1    0   0  10  14   0   6  19   3   4   0   0  14   0   0   6   6  13   0   0   5  0.29 0.10
  264 E     0   0   0   5  -4   2   3  -2  -2  -4  -4  -1  -3  -4  -2   1  -2  -4  -3  -3    9   5   0  42   0  14  22   0   0   0   0   0   0   0   0   9   0   0   0   0  0.69 0.19
  265 V    -1   3  -1   0  -3  -1   1   1  -2  -1  -2   0  -2  -3   1   1   2  -3  -3   0    0  21   1   6   0   0   9  12   0   4   0   4   0   0   6  11  15   0   0  10  0.18 0.09
  266 L    -2  -3  -4  -5  -2  -3  -4  -5  -4   3   4  -3   4  -1  -4  -3  -2  -3  -2   2    0   0   0   0   0   0   0   0   0  16  60   0  14   0   0   0   0   0   0  11  0.71 0.20
  267 Y    -1   0   0  -2  -3   2   1  -3  -1  -3  -3  -1  -2  -1   1  -1   2   7   4  -2    3   4   6   0   0  11  12   0   0   0   0   0   0   0   9   0  15  18  19   2  0.54 0.17
  268 V     2  -3  -2  -3  -2  -2  -2  -2  -2   1   0  -2   1   3  -3   2   1  -2   0   1   19   0   0   0   0   0   0   0   0  13   8   0   4  21   0  20   7   0   0   8  0.22 0.11
  269 F    -4  -4  -5  -5  -4  -5  -5  -5  -2  -2  -1  -5  -2   8  -5  -4  -4   4   4  -3    0   0   0   0   0   0   0   0   0   0   0   0   0  81   0   0   0   6  13   0  1.70 0.34
  270 P     1  -2   0  -1  -2  -1   1  -2  -2  -2  -1  -1   0  -3   1   3   2  -4  -3  -1    9   0   3   0   0   0  13   0   0   0   5   0   4   0   5  41  16   0   0   4  0.34 0.15
  271 S     0  -2  -2   1  -3  -2   0  -1  -3  -3  -2  -2  -3  -2   6   2   1  -4  -3  -3    4   0   0   8   0   0   6   3   0   0   3   0   0   2  40  24  10   0   0   0  0.75 0.18
  272 D    -3  -2   1   6  -5  -1   4  -3  -2  -4  -4   0  -4  -1  -3  -1  -2  -5  -3  -4    0   0   6  56   0   0  29   0   0   0   0   4   0   5   0   0   0   0   0   0  0.99 0.24
  273 F     1  -3  -4  -4  -2  -3  -3  -4  -3   3   2  -3   3   2  -3  -2  -2  -3  -1   2   13   0   0   0   0   0   0   0   0  31  24   0   9  10   0   0   0   0   0  13  0.40 0.13
  274 C     0  -5  -5  -5  11  -5  -5  -4  -5   0  -3  -5  -3  -4  -5  -3  -3  -4  -4  -2    6   0   0   0  87   0   0   0   0   6   0   0   0   0   0   0   0   0   0   0  2.41 0.42
  275 R    -3   8  -2  -3  -5   0  -2  -4  -2  -5  -4   0  -3  -5  -4  -3  -3  -5  -4  -4    0  98   0   0   0   2   0   0   0   0   0   0   0   0   0   0   0   0   0   0  1.79 0.38
  276 S     0  -2  -1  -2  -2  -2  -2  -2  -2  -3  -4  -2  -3  -1   1   5   2  -4  -3  -3    4   0   0   0   0   0   0   0   0   0   0   0   0   4   6  74  12   0   0   0  0.81 0.27
  277 V    -2  -3  -4  -4  -2  -3  -4  -4  -3   3   3  -3   4   3  -4  -3  -2  -2  -1   3    0   0   0   0   0   0   0   0   0  21  27   0  15  16   0   0   0   0   0  21  0.52 0.15
  278 Y    -1  -1   0   0  -3   1  -1   2   2  -3  -3   3  -2  -1   1   0  -2  -2   3  -2    0   0   4   5   0   9   0  18   6   0   0  25   0   0   7   6   0   0  18   3  0.30 0.13
  279 I     3  -1  -3  -3  -2  -2  -3  -2  -3   1   2  -2   0   2   2  -1  -2  -3  -1  -1   40   5   0   0   0   0   0   0   0  10  26   0   0  11  10   0   0   0   0   0  0.30 0.15
  280 T    -1   2  -2   0  -3  -1   0  -3   0   0  -1   1   0   0  -3   0   1   5   0   1    0  13   0   6   0   0   8   0   2   3   0   8   3   4   0   5  15  11   1  20  0.21 0.11
  281 F    -3  -3  -4  -4  -4  -3  -3  -4  -1  -2   1   0  -1   5  -1  -3  -3   0   7  -2    0   0   0   0   0   0   0   0   0   0  16   6   0  27   4   0   0   0  47   0  0.95 0.25
  282 S     0   0   0   1  -3   3   1   0   0  -1  -2   1  -1  -3  -2   1   0   3  -2   1    4   4   1   7   0  22   9   7   1   0   0   6   0   0   0  14   2   5   0  18  0.20 0.10
  283 D    -1   2  -1   0  -3   1   1   3   1  -3  -3   1  -2  -3  -2   1  -1  -3  -2  -1    2  14   0   5   0   5  11  26   5   0   0  11   0   0   0  12   3   0   0   6  0.27 0.09
  284 Y    -1   0  -1   3  -3   0   1   0  -2  -3  -3   3  -2  -1  -1   1   1  -3   0  -3    0   0   0  19   0   3   9   6   0   0   0  35   0   3   2   8  10   0   4   0  0.34 0.13
  285 E     0   0  -1  -2  -2  -1   0   2  -2   0  -2  -1  -2  -2  -2   3   2  -3   0   1    2   5   0   0   0   0   5  17   0   7   0   0   0   0   0  32  16   0   4  11  0.23 0.13
  286 S    -1  -1   2   0  -2   2   1  -2  -1  -2  -1   1  -2  -2  -2   2   1  -3  -1   0    0   0  14   1   0   9  11   0   0   0   5   9   0   1   0  27  12   0   2   9  0.23 0.11
  287 V    -2  -3  -1  -4  -3  -3  -4  -4  -1   0   1  -3  -1   3  -4  -3  -2   0   6   3    0   0   4   0   0   0   0   0   0   2  12   0   0  15   0   0   0   0  40  27  0.69 0.21
  288 Q    -1   1   0   1  -4   2   2   0   4  -4  -3   2  -2   0  -2  -1  -2  -3  -1  -3    4   8   1   7   0  13  15   8  17   0   0  19   0   7   0   0   0   0   0   0  0.35 0.13
  289 G    -1  -4   1  -3  -4  -3  -4   7  -3  -5  -5  -3  -4  -5  -4  -2  -3  -4  -5  -5    0   0   7   0   0   0   0  93   0   0   0   0   0   0   0   0   0   0   0   0  1.65 0.32
  290 L    -3  -4  -4  -5  -3  -4  -4  -5  -4   6   2  -4   3   1  -4  -4  -2  -3  -2   2    0   0   0   0   0   0   0   0   0  65  13   0  12   6   0   0   0   0   0   4  0.81 0.23
  291 P    -2  -2  -1   0  -4  -2  -2  -3  -3  -4  -4   2  -3  -5   7   0   1  -5  -4  -3    0   0   2   6   0   0   0   0   0   0   0  19   0   0  56   7  10   0   0   0  1.21 0.24
  292 A     2  -2  -2  -3  -2  -2  -2   0  -2  -1  -2  -2   1  -2  -2   1   4  -3   1   1   26   0   0   0   0   0   0   7   0   0   0   0   4   0   0   7  40   0   6  10  0.38 0.17
  293 F    -2  -1   1  -3  -3  -2  -2  -3   0  -2   0   0   2   3  -3   0   0   0   6  -2    0   3  10   0   0   0   0   0   1   0   9   6   8  11   0   6   5   0  40   1  0.49 0.18
  294 R    -1   6  -2  -3  -4  -1  -2  -4   1  -2  -3   2  -2   0  -3  -2  -2  -3   2  -3    5  68   0   0   0   0   0   0   4   3   0   8   0   4   0   0   0   0   9   0  0.93 0.25
  295 Y    -4  -4  -4  -5  -4  -4  -4  -5  -1  -3  -2  -4  -2   6  -5  -4  -4   4   8  -3    0   0   0   0   0   0   0   0   0   0   0   0   0  37   0   0   0   4  59   0  1.61 0.33
  296 K     0   0   0  -1  -2  -1   1  -2  -2   1  -1   1  -1  -2  -2   0   2  -3   1   2    5   6   4   0   0   0  14   0   0  12   0   9   0   0   0   9  15   0   6  19  0.12 0.09
  297 V     2  -3  -3  -3  -2  -2  -3   0  -3   2   2  -3   1  -1  -3  -1  -1  -3  -2   2   25   0   0   0   0   0   0   8   0  20  27   0   4   0   0   0   2   0   0  13  0.27 0.12
  298 P    -2  -2   3   3  -3  -2  -1  -1  -2  -3  -3  -2  -3  -4   5   0   2  -4  -3  -1    0   0  18  21   0   0   0   3   0   0   0   0   0   0  30   7  14   0   0   7  0.64 0.17
  299 A     0   0   1   0  -2  -1   1  -2  -1   0   0   0   1   1   0   1  -1  -2   0   0   10   4  10   3   0   0  15   0   0  11  10   3   5   6   4  12   0   0   5   2  0.06 0.05
  300 E    -1  -2   2   0  -3  -1   1   3   2  -3  -3   0  -2  -2  -2   0   1  -3  -2  -3    0   0  15   5   0   0  14  34   7   0   1   3   0   2   0   3  15   0   0   0  0.38 0.12
  301 I     1  -2   0   4  -2   0   0  -2  -2   0   0  -1  -1   1  -2   0   0  -3  -2  -1   19   0   2  32   0   4   5   0   0   5  11   0   0   8   0   7   4   0   0   0  0.23 0.10
  302 L    -2  -3  -3  -4  -2  -3  -3  -2  -3   1   2  -3   2   6  -3  -3  -1  -1   1   1    2   0   0   0   0   0   0   2   0   6  23   0   6  45   0   0   4   0   0   8  0.54 0.16
  303 A     3   1   1   2  -2  -1   0  -1   0  -3  -3   0  -2  -4   1   2  -1  -4  -3  -2   38  10   5  15   0   0   4   0   2   0   0   2   0   0   6  17   0   0   0   0  0.35 0.14
  304 N     0  -1   5   1  -3  -1   0  -1  -1  -3  -3   0  -1  -3  -2   2   1  -3   0  -3    7   0  43   5   0   0   6   0   0   0   2   3   2   0   0  17   8   0   4   0  0.45 0.15
  305 T    -2  -1   2   3  -3  -1   0   1   0   1  -2   0  -2  -2  -3   0   0   4   0  -2    0   2  12  23   0   0   5  13   2  14   0   5   0   0   0   6   8   6   4   0  0.23 0.10
  306 S     0  -2  -2  -1  -3  -1   2   0  -2  -3  -2  -1  -3  -4   5   2   0  -4  -3  -3    4   0   0   0   0   0  19   7   0   0   4   0   0   0  37  25   4   0   0   0  0.73 0.19
  307 D    -1  -1   1   4  -3   0   2  -2   0  -1  -3   1  -2  -4   3   0   0  -4  -3  -2    2   0   6  27   0   0  19   0   2   6   0  12   0   0  13   3   6   0   0   2  0.40 0.12
  308 N    -2  -2   5  -1  -3   0   1  -2   1  -2   1  -1  -1  -3  -3  -1   1  -4  -3  -2    0   0  48   0   0   4  11   0   4   0  22   0   0   0   0   0  11   0   0   0  0.54 0.20
  309 A     1   1   1  -1   1   1   1  -2   4  -3  -3   1  -2   1   2  -1  -2  -2   1  -3   14   6   6   0   4   7  11   0  19   0   0  10   0   6   9   2   0   0   6   0  0.27 0.11
  310 G    -2  -4  -3   0   9  -3  -4   3  -4  -3  -3   0  -3  -4  -4  -2  -3  -4  -4  -3    0   0   0   6  56   0   0  29   0   0   2   6   0   0   0   0   0   0   0   0  1.34 0.29
  311 F    -3  -4  -4  -5  -4  -4  -4  -5   0  -2  -1  -4  -2   7  -5  -3   0   0   6  -2    0   0   0   0   0   0   0   0   2   0   3   0   0  55   0   0   6   0  34   0  1.26 0.28
  312 C    -2  -5  -4  -5  11  -5  -5  -4  -5  -3  -3  -5  -3  -4  -5  -2   2  -4  -4  -3    0   0   0   0  87   0   0   0   0   0   0   0   0   0   0   0  13   0   0   0  2.47 0.43
  313 I     0  -1  -2   2  -2   0  -1  -2  -2   3  -1  -1  -1  -1   1  -1  -1  -3  -2   1   11   4   0  15   0   5   2   1   0  33   1   2   0   2   7   2   1   0   0  12  0.16 0.09
  314 P    -1  -2   1   0  -3  -1   0  -2  -2   0  -2   0  -2  -3   6   0   0  -3  -3  -2    1   1   8   5   0   1   5   1   0   8   1   8   0   1  43   8   7   0   0   1  0.70 0.14
  315 E     0  -1  -1   1  -2   1   2   0   2  -3  -2   1  -2  -2   4   0   0  -2   1  -2    5   1   1   7   0   5  15   5   7   1   1   8   0   1  20   9   5   0   7   1  0.30 0.07
  316 G     0  -1   2   4  -2  -1   0   1  -1  -2  -3   0  -2  -3  -1   1   0  -3  -2  -2    9   1   9  36   0   1   3  12   1   1   2   4   1   1   1   9   5   0   1   2  0.34 0.08
  317 N     0  -1   2   0  -2  -1   0   2  -1  -2  -2   1  -2  -1   2   0   1  -3  -2  -2    5   1  18   3   0   1   7  17   0   3   1  11   0   4  11   3  15   0   0   1  0.22 0.07
  318 C    -2  -4  -3  -4  10  -4  -4  -3  -4  -2  -1  -4  -2  -3  -3  -2  -2  -3  -3  -2    1   1   1   1  83   1   1   1   0   1   6   1   0   0   1   1   1   0   0   1  2.09 0.34
  319 L    -2   0  -3  -3  -2  -2  -2  -3  -3  -1   3  -2   2  -1   5  -2   0   2  -2  -1    1   5   1   1   0   1   1   1   0   1  36   1   9   0  29   1   8   3   0   1  0.51 0.14
  320 G    -1  -1  -2   0  -3  -1   1  -2  -2  -1  -1   1  -2  -2   5   0  -1  -2   1  -2    1   1   1   4   0   1   9   3   0   3   9  10   0   0  39   7   3   0   8   1  0.58 0.12
  321 S     0   1  -1  -2  -2   0  -1  -2  -1  -2  -2   4   1  -2   1   2   0  -2   1  -2    5   3   1   1   0   1   1   1   0   1   1  38   7   0   5  21   5   0   8   1  0.30 0.13
  322 G    -1  -3   0  -2  -4  -3  -3   7  -3  -5  -5  -3  -4  -4  -3  -2  -3  -4  -4  -4    0   0   3   0   0   0   0  92   0   0   1   0   0   0   0   0   0   0   0   0  1.53 0.28
  323 V     0  -3  -3  -3  -2  -3  -3  -3  -3   2   2  -3   1   1  -3  -1   2  -3  -1   2   11   0   0   0   0   0   0   0   0  18  25   0   3   6   0   0  15   0   0  23  0.30 0.11
  324 L     0  -3  -3  -4  -2   1  -3  -4  -3   1   3  -3   5   1  -4  -3  -2  -3  -2   0    6   0   0   0   0   9   0   0   0   8  35   0  31   7   0   0   0   0   0   4  0.50 0.18
  325 N    -3  -2   6   5  -5  -1   1  -2  -2  -5  -5  -2  -4  -5   0  -1  -2  -5  -4  -4    0   0  46  43   0   0   7   0   0   0   0   0   0   0   5   0   0   0   0   0  1.09 0.26
  326 V    -2  -4  -5  -5   1  -3  -4  -5  -4   3   4  -4   1  -1  -4  -3  -2  -3  -2   2    0   0   0   0   4   0   0   0   0  19  65   0   0   0   0   0   0   0   0  12  0.72 0.20
  327 S     1  -1   0  -2  -2  -1  -1   1  -2  -2  -1   0   1  -1  -2   3   3  -3  -1  -1   13   2   2   0   0   0   0  11   0   0   4   4   7   3   0  29  22   0   1   0  0.25 0.12
  328 I     0   0   0   0  -3   0  -1  -2  -2  -1  -3   2  -2  -4   4   0   1  -4  -3  -1    5   2   2   6   0   4   0   0   0   5   0  23   0   0  27   6  14   0   0   5  0.46 0.13
  329 C    -2  -5  -5  -6  11  -5  -6  -5  -5   2  -3  -5  -3  -4  -5  -3  -3  -4  -4  -2    0   0   0   0  87   0   0   0   0  13   0   0   0   0   0   0   0   0   0   0  2.46 0.43
  330 K    -1   2  -1  -2  -2   2  -1  -2   1   0   0   2   1   0  -2   0  -1  -2  -1   1    3  13   0   0   0  14   0   1   5   3   9  19   5   5   0   5   0   0   0  16  0.14 0.08
  331 N    -1  -1   3   2  -2   0   1  -1  -1  -2  -2   1  -2   2  -1   1   0  -2  -1  -2    2   1  19  15   0   3   7   2   1   1   2  13   1  14   1  11   5   0   1   1  0.20 0.07
  332 G     0  -2   1  -1  -2  -1  -1   5  -2  -3  -3   0  -2  -2  -2   0  -1  -2  -2  -2    7   1   8   1   1   1   2  57   1   1   3   6   1   1   1   3   2   0   1   2  0.59 0.11
  333 A     4  -1  -2  -3  -2   0  -2   2  -3  -2   0   0  -1  -3  -2   0  -1  -3  -3   0   59   3   0   0   0   5   0  14   0   0  10   5   0   0   0   0   0   0   0   5  0.42 0.17
  334 P    -3  -4  -4  -3  -5  -3  -3  -4  -4  -5  -5  -3  -4  -6   8  -1  -3  -6  -5  -4    0   0   0   0   0   0   0   0   0   0   0   0   0   0  96   4   0   0   0   0  2.60 0.41
  335 I     1  -3  -4  -4  -2  -3  -3  -4  -4   3   2  -3   3  -1  -3  -2  -1  -3  -2   3   13   0   0   0   0   0   0   0   0  26  20   0  11   0   0   0   0   0   0  29  0.45 0.15
  336 I    -3  -3  -4  -4  -3  -3  -4  -5  -1   4   1  -4   1   3  -4  -3  -2   0   6   1    0   0   0   0   0   0   0   0   0  31   8   0   2  10   0   0   0   0  41   8  0.77 0.22
  337 M     2  -3  -3  -3  -2  -2  -3   0  -3   1   2  -2   3  -1  -3   0  -1  -3  -2   2   29   0   0   0   0   0   0   6   0   7  22   0  13   0   0   4   0   0   0  18  0.27 0.13
  338 S    -1  -2  -1  -2  -3  -2  -2  -2  -3  -4  -4  -2  -3  -4  -2   6   2  -4  -3  -3    0   0   0   0   0   0   0   0   0   0   0   0   0   0   0  89  11   0   0   0  1.15 0.34
  339 F    -2   0  -3  -3  -3  -1  -2  -4   3   0   3   1   4   2   0  -2  -2  -2  -1  -1    0   6   0   0   0   1   0   0  10   0  40  10  15  13   5   0   0   0   0   0  0.34 0.15
  340 P    -3  -4  -4  -4  -5  -3  -3  -4  -4  -5  -5  -3  -4  -5   8  -3  -3   4  -4  -4    0   0   0   0   0   0   0   0   0   0   0   0   0   0  94   0   0   6   0   0  2.58 0.41
  341 H    -4   1  -1   0  -5  -1  -2  -4  10  -5  -5  -2  -4  -3  -4  -3  -4  -4   0  -5    0   6   0   6   0   0   0   0  87   0   0   0   0   0   0   0   0   0   0   0  2.10 0.41
  342 F    -4  -4  -5  -5  -4  -4  -5  -5  -3  -1   1  -4   4   7  -5  -4  -3  -1   2  -2    0   0   0   0   0   0   0   0   0   0   9   0  14  75   0   0   0   0   3   0  1.37 0.31
  343 Y    -3  -3  -4  -5  -3  -3  -3  -5  -1  -1   3   0   1   1  -4  -3  -3   0   7  -2    0   0   0   0   0   0   0   0   0   2  34   6   2   0   0   0   0   0  55   0  0.98 0.27
  344 Q    -2  -1   2   2  -3   1   1   2   2  -2   0  -1   0  -2  -3  -1  -2  -3   1  -2    0   0  14  13   0   9  12  20   6   0  12   2   4   0   0   0   0   0   6   0  0.23 0.10
  345 A     4  -3  -2  -3  -2  -2  -2   2  -3   0  -2  -2  -2  -3  -2   2   0  -4  -3   1   52   0   0   0   0   0   0  12   0   6   0   0   0   0   0  19   2   0   0   9  0.45 0.17
  346 D    -1  -3   0   6  -4  -1   0  -2   1  -4  -4  -2  -4  -4   2   2  -2  -5  -4  -4    5   0   0  57   0   0   2   0   3   0   0   0   0   0  11  21   0   0   0   0  0.89 0.23
  347 E    -2  -2  -1  -2  -4   1   3  -3  -3  -3  -4   0  -3  -5   7  -2  -1  -5  -4  -1    0   0   3   0   0   6  22   0   0   0   0   4   0   0  56   0   2   0   0   6  1.23 0.25
  348 R     0   0  -1   1  -3   2   3   0  -1  -2  -3   2  -2  -3  -2   1  -1  -4  -3   0    4   2   0   9   0   9  23   6   0   0   0  21   0   0   0  13   0   0   0  13  0.28 0.12
  349 F    -2  -3  -4  -5  -3  -3  -4  -5  -1   0   3  -3   1   2  -4  -3  -2  -1   5   2    0   0   0   0   0   0   0   0   0   2  40   0   2   8   0   0   0   0  34  15  0.67 0.20
  350 V     0  -1  -2  -3  -2   0  -2  -3  -2   1   2  -2   0  -1  -3   1   1  -2   1   2    6   3   0   0   0   5   0   0   0   4  30   0   0   0   0  21   7   0   6  19  0.18 0.11
  351 S     1   0   1   1  -3   1   3  -2   1  -3  -3   2  -2  -4  -2   1  -1  -4  -2  -3   16   2   6   6   0   4  29   0   5   0   0  16   0   0   0  15   1   0   0   0  0.37 0.13
  352 A     2  -2   2   1  -2  -1  -1   1   1  -2  -1  -1   1   0   1  -1  -1  -2   1  -2   28   0  12  10   0   2   0  12   5   0   5   3   5   4   7   0   0   0   7   0  0.17 0.10
  353 I    -2  -4  -4  -4  -2  -4  -4  -5  -4   4   1  -4   0   1  -4  -3  -2  -3  -2   5    0   0   0   0   0   0   0   0   0  31  11   0   0   7   0   0   0   0   0  52  0.69 0.20
  354 E    -1   0   0   3  -3   2   2  -2  -2  -3  -2   2  -2  -4   0   1   1  -4  -3  -2    0   3   0  25   0   9  16   0   0   0   4  18   0   0   4  11   8   0   0   3  0.35 0.12
  355 G    -1  -1  -2   0  -4  -3  -3   7  -3  -5  -5  -3  -4  -5  -4  -1  -3  -4  -5  -5    0   4   0   6   0   0   0  88   0   0   0   0   0   0   0   2   0   0   0   0  1.45 0.29
  356 M    -3  -3  -4  -5  -3  -3  -4  -5  -4   1   5  -4   4   1  -4  -4  -2  -3  -2   1    0   0   0   0   0   0   0   0   0   2  73   0  16   4   0   0   0   0   0   4  0.84 0.23
  357 H    -1   1   5   0  -3   0   0  -2   4  -1  -3   2  -2  -3  -3   1   0  -4   0  -3    2   6  36   2   0   2   2   0  15   6   0  13   0   0   0   9   4   0   2   0  0.43 0.15
  358 P    -3  -3   0  -3  -5   1  -3  -4  -3  -5  -5  -3  -4  -5   8  -2  -3  -5  -5  -4    0   0   6   0   0   6   0   0   0   0   0   0   0   0  87   0   0   0   0   0  2.26 0.37
  359 N    -3  -2   5   5  -4  -1   2  -2  -1  -4  -4  -2  -4  -4  -3  -1   1  -5  -4  -4    0   0  41  38   0   0  11   0   0   0   0   0   0   0   0   0  11   0   0   0  0.93 0.24
  360 Q    -1   0  -1   1  -4   1   3  -3  -1  -2  -3   2  -1  -2   3  -1  -1  -3   2  -1    5   4   0   6   0   5  23   0   0   1   0  19   2   0  19   0   1   0  11   4  0.39 0.13
  361 E    -1   0   1   1  -4   2   5  -3  -1  -4  -4   3  -3  -4  -2  -1  -1  -4  -3  -3    2   1   7   7   0   6  49   0   0   0   0  24   0   0   0   0   3   0   0   0  0.70 0.20
  362 D    -1   0   1   3  -4   1   4  -2  -1  -4  -4   3  -3  -4  -2   0  -1  -4  -3  -3    4   2   7  19   0   5  31   0   0   0   0  25   0   0   0   6   0   0   0   0  0.55 0.16
  363 H    -1  -2  -1   0  -5  -2  -2  -4  10  -4  -1  -3  -3  -3  -4  -3  -3  -4   0  -4    6   0   0   4   0   0   0   0  83   0   6   0   0   0   0   0   0   0   0   0  1.83 0.39
  364 E     0   1   1   2  -3   2   2   2  -1  -4  -3   0  -2  -4  -2   1  -1  -4  -3  -3    8   6   7  12   0  14  19  16   0   0   0   5   0   0   0  13   0   0   0   0  0.35 0.11
  365 T    -1  -3  -3  -3  -2  -3  -3  -4  -3   3   1  -3   0   1   0  -1   2  -3  -1   3    0   0   0   0   0   0   0   0   0  26   9   0   0   8   5   3  23   0   0  26  0.35 0.14
  366 F    -2  -3  -3  -3  -4   0   0  -4  -1  -1  -1  -3   2   6   1  -3  -3   0   5  -2    2   0   0   0   0   4   8   0   0   2   0   0   9  44   6   0   0   0  25   0  0.76 0.22
  367 V     0  -3  -4  -4  -2  -3  -4  -4  -4   4   3  -3   2   0  -3  -3  -1  -3  -2   3    8   0   0   0   0   0   0   0   0  30  31   0   7   3   0   0   0   0   0  21  0.46 0.14
  368 D     0  -3   0   7  -4  -2   0  -3   3  -4  -3  -2  -4  -3  -3  -1  -2  -4   1  -4    8   0   0  72   0   0   0   0   9   0   3   0   0   0   0   2   0   0   7   0  1.07 0.27
  369 I    -2  -3  -4  -4  -3  -1  -3  -4  -2   3   1  -3   0   4  -4  -3  -2  -1   3   2    0   0   0   0   0   5   0   0   0  29  13   0   0  25   0   0   0   0  11  18  0.49 0.15
  370 N    -2  -2   1   2  -1   1   6  -3   3  -5  -4  -1  -3  -5  -3  -2  -2  -4  -3  -4    0   0   5   6   2   5  73   0   9   0   0   0   0   0   0   0   0   0   0   0  1.06 0.28
  371 P    -2  -3  -3  -3  -4  -3  -3  -4  -4  -3   0  -1  -3  -4   8  -1  -2   1  -4  -3    0   0   0   0   0   0   0   0   0   0  12   5   0   0  76   5   0   2   0   0  1.78 0.32
  372 L    -2   0   1  -3  -2  -1  -3  -4  -2   3   1  -2   3   0  -3  -2   0  -3   0   2    0   6   8   0   0   2   0   0   0  29  14   0  13   2   0   0   7   0   2  15  0.26 0.12
  373 T     0  -2  -1  -2  -2  -2  -2  -2  -3  -3  -3  -2  -2  -4  -2   3   6  -4  -3  -2    4   0   0   0   0   0   0   0   0   0   0   0   0   0   0  31  65   0   0   0  0.94 0.29
  374 G    -1  -4  -2  -3  -4  -3  -4   7  -4  -5  -5  -3  -4  -5  -4  -2  -3  -4  -5  -5    2   0   0   0   0   0   0  98   0   0   0   0   0   0   0   0   0   0   0   0  1.77 0.33
  375 I    -1  -2   1  -2  -2  -2  -2  -2  -3   2  -1   0  -1   1  -3   0   4  -3  -2   2    0   0   6   0   0   0   0   3   0  14   0   6   0   7   0   2  46   0   0  15  0.37 0.17
  376 I     2  -3  -3  -3  -3  -3  -3  -3  -4   0  -2  -2  -2  -4   7  -2   0  -5  -4   1   17   0   0   0   0   0   0   0   0   5   2   0   0   0  57   0   7   0   0  11  1.18 0.24
  377 L    -2  -3  -4  -5  -2  -3  -4  -4  -3   2   4  -3   5   2  -4  -3  -2  -2  -1   1    0   0   0   0   0   0   0   0   0   6  48   0  24  11   0   0   0   0   0  10  0.65 0.19
  378 K    -2   1   2   1  -3   4   0  -2   2  -3  -3   1  -1  -2  -3   1  -1  -3   2  -1    0   5  13   6   0  31   0   0   6   0   0   9   2   0   0  11   0   0  10   8  0.34 0.15
  379 A     3  -3  -3  -3   3  -2  -3   3  -2  -2  -2  -2  -2   1  -3  -1  -2  -2   1   1   41   0   0   0   9   0   0  24   0   0   0   0   0   7   0   0   0   0   6  13  0.40 0.16
  380 A     2   1   1   0  -2   0  -1   1   2  -2  -2   1  -2  -3  -2   1  -1  -3  -2  -1   30   6   8   5   0   4   0  12   6   0   2  13   0   0   0   9   0   0   0   4  0.20 0.09
  381 K    -2   1  -2  -2  -4   2  -1   0  -2  -2  -1   5  -2  -3  -3  -2  -2  -3   1   1    0   2   0   0   0  11   0   8   0   0   6  52   0   0   0   0   0   0   6  13  0.43 0.19
  382 R    -2   7  -2  -3  -5   0  -1  -1  -2  -5  -4   3  -3  -4  -3   0  -2  -4  -3  -4    0  74   0   0   0   0   0   4   0   0   0  15   0   0   0   6   0   0   0   0  1.17 0.29
  383 F    -2  -3  -4  -5  -2  -3  -4  -5  -4   2   4  -4   2   3  -4  -3  -2  -2  -1   2    0   0   0   0   0   0   0   0   0  12  56   0   6  14   0   0   0   0   0  12  0.61 0.17
  384 Q    -3  -1  -2  -2  -5   8   0  -4  -1  -5  -4  -1   0  -5  -3  -2  -3  -4  -3  -4    0   0   0   0   0  98   0   0   0   0   0   0   2   0   0   0   0   0   0   0  1.85 0.44
  385 I    -1  -4  -4  -5  -3  -4  -4  -4  -3   3   1  -4   0   6  -4  -3  -2  -1   1   2    4   0   0   0   0   0   0   0   0  21   7   0   0  47   0   0   0   0   2  18  0.71 0.20
  386 N    -3  -2   7   0  -4  -2  -2  -2  -1  -5  -5  -2  -4  -5  -4   2  -1  -5  -4  -4    0   0  83   0   0   0   0   0   0   0   0   0   0   0   0  17   0   0   0   0  1.47 0.35
  387 I    -2  -3  -4  -4  -2  -3  -4  -4  -3   3   3  -3   5   0  -4  -3   1  -2   1   0    0   0   0   0   0   0   0   0   0  20  33   0  30   3   0   0  10   0   4   0  0.56 0.19
  388 Y    -1  -2  -2   1  -3   1   1  -3  -1  -1   0  -1   1   2   2  -2  -2  -1   4  -2    6   0   0   9   0   7  15   0   0   1  12   2   4   9  10   0   0   0  25   0  0.29 0.13
  389 V    -2  -3  -4  -4  -2  -3  -4  -5  -4   3   3  -3   4  -1  -4  -3  -2  -3  -2   3    0   0   0   0   0   0   0   0   0  24  36   0  15   0   0   0   0   0   0  25  0.61 0.17
  390 K    -2   2   0  -1  -4   1   3  -1   0  -2   0   3  -1  -3   1  -1  -2  -3  -2  -1    0  13   4   0   0   6  24   5   2   0  11  22   0   0   6   0   0   0   0   5  0.28 0.11
  391 K    -1   1   1  -1  -4   1   1   0  -2  -4  -4   2  -3  -4   5   1  -1  -4  -3  -3    1   8   9   0   0   6   6   6   0   0   0  18   0   0  34  10   0   0   0   0  0.65 0.15
  392 L     0  -3   0  -1  -2  -2  -2  -3  -1   3   0  -2   1   2  -3   0   1  -3  -1   2    6   0   7   4   0   0   0   0   1  26   5   0   2  11   0   9   7   0   0  22  0.17 0.10
  393 D    -1   2   1   4  -4   0   2  -2  -1  -4  -4   2  -3  -4   2   0  -1  -4  -3  -3    4  10   8  27   0   1  14   0   0   0   0  18   0   0  11   6   0   0   0   0  0.48 0.13
  394 D    -1   1   2   2  -4  -1  -1   3   1  -4  -4   3  -1  -4  -2   0  -2  -4  -3  -3    2   5  10  14   0   0   0  30   5   0   0  29   3   0   0   3   0   0   0   0  0.43 0.13
  395 F    -2  -3  -3  -4  -2  -3  -4  -4   2   5   1  -3   1   2  -4  -1  -2   4  -1   2    0   0   0   0   0   0   0   0   6  53   5   0   3  12   0   5   0   8   0   8  0.54 0.17
  396 V    -1   1  -1   2  -3   0   2   1  -2  -1  -2   0  -2   0   2  -1   0  -3  -2  -1    4   7   0  14   0   2  24  12   0   5   0   5   0   8  10   0   4   0   0   5  0.20 0.08
  397 E     0  -2  -2  -2  -2   2   0  -3  -2   1   2  -1   1  -2   1   1  -1  -3  -2   0    9   0   0   0   0  17   5   0   0  13  26   0   5   0   6  12   0   0   0   6  0.17 0.10
  398 T    -1  -2  -2  -3  -2  -2  -3  -3  -2   0   2  -2   3   3  -3   1   3  -1   3  -1    0   0   0   0   0   0   0   0   0   2  24   0  10  13   0  12  26   0  13   0  0.33 0.14
  399 G     0   2   1   0  -3   1   1   2  -1  -4  -4   3  -2  -4  -2   1  -1  -4  -3  -3    5   9   9   5   0   4   7  21   0   0   0  31   0   0   0  10   0   0   0   0  0.37 0.11
  400 D    -1   1   5   2  -4   1   0   0   1  -3  -4   2  -3  -4  -3   0  -1  -4  -3  -2    2   5  40  13   0   7   2   6   4   0   0  13   0   0   0   2   0   0   0   5  0.47 0.15
  401 I    -2  -3  -4  -4  -2  -2  -4  -4  -4   2   4  -3   4   0  -4  -3  -2  -3  -2   2    0   0   0   0   0   2   0   0   0  14  48   0  17   3   0   0   0   0   0  16  0.57 0.16
  402 R    -2   3  -2  -2  -4   2   1  -3  -2  -4  -4   1  -3  -5   6  -1  -2  -4  -3  -4    0  20   0   0   0  11   7   0   0   0   0   9   0   0  48   4   0   0   0   0  1.07 0.21
  403 T    -1  -1   2   1  -3  -1   0   1  -2  -3  -3   2  -2  -4   3   1   3  -4  -3  -3    0   0  12   9   0   0   3   9   0   0   0  16   0   0  19   8  25   0   0   0  0.43 0.13
  404 M    -1  -3   1  -1   1  -2  -2   1  -2   0   0  -2   2  -1  -3  -1   2  -2   2   2    0   0   8   4   3   0   0  12   0   0   8   0   8   0   0   2  15   0  10  31  0.15 0.11
  405 V    -1  -3  -4  -4  -2  -3  -4  -4  -4   4   3  -3   2  -1  -4  -3  -1  -3  -2   3    5   0   0   0   0   0   0   0   0  37  25   0   6   0   0   0   0   0   0  27  0.55 0.15
  406 F    -2  -3  -4  -4  -2  -3  -4  -4  -3   2   2  -3   3   4  -4  -3  -1  -1   2   2    0   0   0   0   0   0   0   0   0   9  25   0  13  28   0   0   2   0   5  19  0.49 0.14
  407 P    -3  -4  -4  -3  -5  -3  -3  -4  -4  -5  -5  -3  -4  -6   9  -3  -3  -6  -5  -4    0   0   0   0   0   0   0   0   0   0   0   0   0   0 100   0   0   0   0   0  2.76 0.40
  408 V    -1  -3  -4  -4   0  -3  -4  -4  -3   3   3  -3   5   0  -4  -3  -2  -3  -2   2    3   0   0   0   2   0   0   0   0  18  41   0  22   3   0   0   0   0   0  11  0.53 0.16
  409 M    -1  -3  -4  -5  -3  -3  -4  -4  -3   1   3  -4   3   5  -4  -3  -2  -1   0  -1    5   0   0   0   0   0   0   0   0   5  38   0  11  41   0   0   0   0   0   0  0.70 0.19
  410 Y    -4  -4  -5  -6  -4  -4  -4  -5  -3  -5  -4   0  -3  -1  -5  -4  -4  12   3  -5    0   0   0   0   0   0   0   0   0   0   0   8   0   0   0   0   0  82  10   0  3.07 0.45
  411 L     0  -3  -4  -4   2  -3  -4  -4  -3   4   2  -3   0   2  -3  -3  -1  -2  -1   3    6   0   0   0   5   0   0   0   0  32  16   0   0  14   0   0   0   0   0  27  0.41 0.12
  412 N    -1  -2   3   3  -4   0   5   0   0  -4  -4  -1  -3  -4  -2  -1  -2  -4  -3  -4    3   0  19  13   0   0  55   8   2   0   0   0   0   0   0   0   0   0   0   0  0.74 0.19
  413 E    -2  -1  -2   0  -5   4   6  -2  -1  -5  -4   0  -3  -5  -3  -2  -2  -4  -3  -4    0   0   0   0   0  17  81   2   0   0   0   0   0   0   0   0   0   0   0   0  1.24 0.28
  414 S    -1   0  -1  -2  -3  -2  -2   5  -2  -4  -4  -2  -3  -3  -3   2   2  -3   0  -3    0   5   0   0   0   0   0  51   0   0   0   0   0   0   0  24  16   0   4   0  0.67 0.17
  415 V     2  -3  -3  -3  -2  -2  -3   2  -3   2   1  -2   0   0  -3  -1  -1  -3  -2   2   26   0   0   0   0   0   0  17   0  17  11   0   0   5   0   0   0   0   0  24  0.25 0.10
  416 H     2   0  -1  -2  -2   1   1  -2   2  -2   0  -1   0  -2  -2   1   2  -2   1  -1   23   5   0   0   0   6  10   0   9   0   9   0   2   0   0   9  19   0   5   3  0.16 0.09
  417 I    -2  -3  -4  -4  -2  -3  -4  -4  -4   3   4  -3   4  -1   1  -3  -2  -3  -2   1    0   0   0   0   0   0   0   0   0  17  54   0  17   0   8   0   0   0   0   5  0.59 0.16
  418 D    -1  -2   5   2  -3  -1   0   2  -1  -4  -4  -1  -3  -4   1   2   0  -4  -3  -4    0   0  41  11   0   0   5  15   0   0   0   0   0   0   9  17   3   0   0   0  0.57 0.16
  419 K    -1   0   0   3  -4   2   2   1  -1  -4  -4   4  -3  -4   0   0  -1  -4  -3  -3    0   0   3  17   0  13  13  12   0   0   0  35   0   0   3   4   0   0   0   0  0.46 0.13
  420 E    -1  -1   1   1  -3   0   4  -2  -1  -3  -3   0  -2  -3  -2   1   3  -3   0  -2    0   0   5   8   0   0  36   0   0   0   0   2   0   0   0  13  32   0   3   0  0.50 0.17
  421 T    -2  -2   1  -3  -2  -2  -2  -3  -2   1   1   0   2   3  -3  -1   2   4   2  -1    0   0   8   0   0   0   0   0   0  10  10   8   8  20   0   0  19   7   9   0  0.26 0.11
  422 A     2  -2  -2  -3  -2   0  -2  -2  -3   2   0  -2   0  -2  -2  -1   2  -3  -2   3   25   0   0   0   0   5   0   0   0  20   4   0   0   0   0   0  20   0   0  25  0.28 0.12
  423 S     0   0   4   3  -3   2   1  -2  -1  -4  -4   2  -2  -4  -2   1  -1  -4  -3  -3    8   0  25  17   0  12   7   0   0   0   0  21   0   0   0   9   0   0   0   0  0.44 0.13
  424 R    -2   0  -2   0  -3   2   1  -3  -2  -1   1   1   5   0  -1  -2   0  -3  -2  -1    0   2   0   5   0  16   8   0   0   0  17  11  30   3   3   0   4   0   0   0  0.28 0.14
  425 L    -1  -3  -4  -4  -2  -3  -4  -4  -3   2   4  -3   1   3  -4  -3  -2  -2  -1   1    5   0   0   0   0   0   0   0   0  11  57   0   0  16   0   0   0   0   0  11  0.54 0.14
  426 K    -1   3   3   1  -4   0   0  -2  -1  -4  -4   5  -3  -3  -2  -1  -2  -4   0  -3    5  15  17   6   0   0   0   0   0   0   0  53   0   0   0   0   0   0   4   0  0.61 0.18
  427 S    -1  -1   2   1  -2   1  -1  -2   3  -2   0   0  -1  -2   0   3   1  -3   1  -2    0   0  10   7   0   6   0   0  11   0  11   4   0   0   4  32  10   0   5   0  0.22 0.10
  428 M     0  -1  -2  -2  -2   4   0  -3  -2  -1   1   0   1  -2  -2   0   1  -3  -2   1    6   0   0   0   0  35   0   0   0   0  22   4   3   0   0   8   8   0   0  14  0.26 0.12
  429 I    -2  -3  -3  -4  -2  -3  -3  -4   1   2   3  -3   1   4   0  -3  -2  -2   0   2    0   0   0   0   0   0   0   0   5  13  32   0   3  26   6   0   0   0   0  15  0.37 0.10
  430 N    -2  -1   2  -2  -2  -1  -2  -3  -2   1   1   2   2   3  -3  -1   1  -2   0  -1    0   0  13   0   0   0   0   0   0   9  11  19   8  20   0   0  16   0   2   0  0.16 0.09
  431 T    -1  -2  -1  -2  -2  -2  -2   0  -3   2   2  -1   1  -1   1  -1   2  -3  -2   1    0   0   4   0   0   0   0  11   0  21  26   4   5   0   7   0  17   0   0   4  0.16 0.07
  432 T    -1   0  -2  -2  -2  -1  -1   0  -2   1   0   1   0  -2   3   0   1  -3  -2   1    0   4   0   0   0   0   0   7   0  12   9  17   4   0  19   6  12   0   0  10  0.21 0.07
  433 L    -1   1  -2  -2  -2  -1  -1  -1  -2   1   2   3   0   0  -2   0  -1  -3  -2   0    0   4   0   0   0   0   0   5   0   8  27  31   0   3   0  13   0   0   0   8  0.15 0.09
  434 I    -1   0  -2  -3  -2  -2  -2  -3  -2   3   2   0   0   1  -3  -1   0  -2   2   1    2   7   0   0   0   0   0   0   0  28  20  10   0   4   0   6   3   0  11   8  0.16 0.07
  435 I    -1  -3  -1  -3  -2  -2  -3   1  -3   2   2  -3   0  -1  -1  -2   1  -3  -2   3    0   0   4   0   0   0   0  12   0   9  31   0   0   0   3   0  10   0   0  31  0.23 0.09
  436 T     0  -1   1   0  -2   0   0   2   1   0  -1   0  -1  -2  -2   0   0  -3  -2   0    4   0   6   3   0   6   5  25   5   6   7   7   0   0   0   4   8   0   0  13  0.11 0.04
  437 N     0  -1   2   0  -2  -2  -2   0  -1   1   0  -2   0   2  -3   0   0  -2   1   1    5   3  18   3   0   0   0   6   0  15   9   0   2  12   0   8   4   0   5  10  0.07 0.05
  438 I     0  -3  -4  -4  -2  -3  -3  -2  -4   4   0  -3   1   1  -3  -2  -1  -3  -2   4    9   0   0   0   0   0   0   3   0  31   0   0   4   6   0   0   0   0   0  48  0.46 0.14
  439 P    -1   1  -1  -1   2   2   1  -1  -2  -1   0   2  -1  -3   3  -1   0  -3  -2   0    0   8   0   0   6  12  11   6   0   0  12  15   0   0  16   0   6   0   0   9  0.22 0.07
  440 Y    -3   1  -3  -4   0  -2  -3   0   1  -2  -2  -2   2   0  -4  -3  -3   9   4  -3    0  13   0   0   2   0   0  10   4   3   0   0   9   0   0   0   0  39  20   0  1.09 0.19
  441 I     0  -3  -3  -4  -2  -3  -3  -3  -3   3   2  -3   0   1  -3  -1  -1   7  -1   2    8   0   0   0   0   0   0   0   0  24  17   0   0   4   0   6   0  18   0  23  0.46 0.11
  442 I     0  -3  -3  -4   2  -2  -3  -3  -3   2   3  -3   3  -1  -3   0   0   3  -2   0    7   0   0   0   7   0   0   0   0  16  44   0  10   0   0   8   4   6   0   0  0.32 0.10
  443 M    -1  -1  -3  -4  -2  -2  -3  -1  -3   3   3  -3   4  -1  -3  -3  -1  -3  -2   2    2   3   0   0   0   0   0   4   0  22  39   0  21   0   0   0   0   0   0   9  0.39 0.11
  444 A     3  -2  -1  -2  -2  -2  -2   3  -2   0  -2  -2  -2  -3  -2   2   0   2  -2   0   33   0   0   0   0   0   0  29   0   8   0   0   0   0   0  16   2   4   0   9  0.34 0.10
  445 L    -1  -3  -3  -3  -2  -2  -3  -1  -3   2   3  -3   1   2  -3  -1   0   2  -1   1    0   0   0   0   0   0   0   6   0  13  37   0   4  12   0   8   4   4   0  13  0.23 0.07
  446 G     1  -3  -2  -2  -3  -3  -3   6  -3  -3  -2  -2   0  -1  -3  -1  -2  -3  -3  -3   12   0   0   0   0   0   0  77   0   0   4   0   4   4   0   0   0   0   0   0  0.98 0.17
  447 V     1  -2  -2  -3  -1  -2  -2  -1  -3   1   1  -2   1  -1  -2   1   0  -3  -2   3   15   0   0   0   0   0   0   3   0   7  16   0   3   0   0  16   5   0   0  35  0.18 0.07
  448 F     0  -3  -3  -2  -2  -3  -3  -3  -2   1   2  -3   0   4  -3  -1  -1  -1   1   1    7   0   0   3   0   0   0   0   0   3  26   0   0  38   0   5   0   0   0  16  0.30 0.07
  449 F     0  -3  -3  -4  -2  -3  -3  -3  -3   2   1  -3   0   4  -3  -2  -1  -1   1   3    8   0   0   0   0   0   0   0   0  13  12   0   0  32   0   0   0   0   0  36  0.36 0.07
  450 G     3  -2  -1  -2  -2  -2  -2   5  -2  -3  -3  -2  -2  -3  -2   0  -1  -3  -3  -2   49   0   0   0   0   0   0  51   0   0   0   0   0   0   0   0   0   0   0   0  0.69 0.09
  451 L    -2  -3  -4  -4   2  -3  -3  -4  -3   2   3  -3   1   3  -3  -3  -1  -2   0   1    0   0   0   0   8   0   0   0   0  17  46   0   0  20   0   0   0   0   0  10  0.38 0.05
  452 V    -1  -3  -3  -4  -2  -2  -3  -4  -3   3   2  -3   4  -1  -3  -2  -1  -3  -2   3    0   0   0   0   0   0   0   0   0  27   8   0  31   0   0   0   0   0   0  34  0.42 0.07
  453 F    -2  -3  -3  -4  -2  -3  -3  -4  -1   3   1  -3   2   5  -4  -3  -2   0   3   1    0   0   0   0   0   0   0   0   0  33   0   0   8  46   0   0   0   0  13   0  0.51 0.06
  454 T     0  -1   0  -1  -2  -1  -1  -2   4  -2  -2  -1  -1   2  -2   3   2  -1   2  -2    0   0   0   0   0   0   0   0  22   0   0   0   0  11   0  37  19   0  11   0  0.31 0.05
  455 W    -2  -3  -3  -4  -3  -2  -3  -3   0  -1  -1  -3  -1   4  -4  -2  -2   7   5   0    0   0   0   0   0   0   0   0   0   0   0   0   0  25   0   0   0  22  41  12  0.84 0.06
  456 L    -1  -2  -3  -3   6  -2  -3  -3  -3   1   3   0   1  -1  -3  -2  -1  -2  -2   0    0   0   0   0  28   0   0   0   0  12  47  12   0   0   0   0   0   0   0   0  0.37 0.04
  457 A     4   1  -2  -2  -1  -1  -1  -1  -1  -2  -2  -1  -1  -1  -2   0  -1  -2   2  -1   75  12   0   0   0   0   0   0   0   0   0   0   0   0   0   0   0   0  12   0  0.36 0.05
  458 C    -1  -3  -3  -3   8   1  -2  -3  -3   0  -1  -2  -1  -2  -3  -1  -1  -3  -2   2    0   0   0   0  62  12   0   0   0   0   0   0   0   0   0   0   0   0   0  25  0.82 0.07
  459 K     0   5  -1  -2  -3   1   0  -2  -1  -3  -3   2  -2  -3  -2   1  -1  -3  -2  -2    9  62   0   0   0   0   0   0   0   0   0  13   0   0   0  17   0   0   0   0  0.54 0.05
  460 G     0  -2   0  -1  -2  -2  -2   5  -2  -4  -4  -1  -3  -3  -2   2  -1  -3  -3  -3    0   0   0   0   0   0   0  72   0   0   0   0   0   0   0  28   0   0   0   0  0.81 0.05
  461 Q    -1   2   0   3  -4   3   2  -2  -1  -3  -3   3  -2  -4  -2   0  -1  -3  -2  -3    0  12   0  25   0  22  12   0   0   0   0  28   0   0   0   0   0   0   0   0  0.47 0.03
  462 G     0  -2   2  -1  -2  -1  -2   5  -2  -3  -3  -1  -2  -3  -2   0   2  -3  -3  -2    0   0  15   0   0   0   0  59   0   0   0   0   0   0   0   0  26   0   0   0  0.56 0.02
  463 S     1   0   0  -1  -2   0   0  -1  -1  -3  -3   2  -2  -3  -1   4   1  -3  -2  -2    0   0   0   0   0   0   0   0   0   0   0  26   0   0   0  74   0   0   0   0  0.40 0.02
  464 M     0  -2  -2  -3  -1  -1  -2  -3  -3   2   1  -2   3  -1  -2  -1   1  -2  -1   3    0   0   0   0   0   0   0   0   0   0   0   0  31   0   0   0  15   0   0  54  0.24 0.01
  465 D     0  -1   1   4  -2   0   1  -1  -1  -3  -3  -1  -2  -3  -1   3   0  -4  -2  -2    0   0   0  46   0   0   0   0   0   0   0   0   0   0   0  54   0   0   0   0  0.50 0.01
  466 E    -1   1   0   1  -4   2   4  -2  -1  -3  -3   4  -2  -3  -1   0  -1  -3  -2  -3    0   0   0   0   0   0  46   0   0   0   0  54   0   0   0   0   0   0   0   0  0.51 0.01
  467 G     0  -3  -1  -2  -2  -2  -2   4  -3   1  -1  -2  -1  -2  -2  -1  -1  -3  -2   2    0   0   0   0   0   0   0  53   0   0   0   0   0   0   0   0   0   0   0  47  0.38 0.01
  468 T     0  -1   0  -1  -1  -1  -1  -2  -2  -1  -1  -1  -1  -2  -1   1   5  -3  -2   0    0   0   0   0   0   0   0   0   0   0   0   0   0   0   0   0 100   0   0   0  0.50 0.01
  469 A     3  -2  -2  -2  -1  -1  -1  -1  -2  -2  -2  -1  -2  -3   6   0  -1  -3  -2  -1   53   0   0   0   0   0   0   0   0   0   0   0   0   0  47   0   0   0   0   0  0.84 0.01
  470 D    -1  -1   1   5  -4   1   4  -2  -1  -3  -3   0  -3  -4  -1   0  -1  -4  -3  -3    0   0   0  53   0   0  47   0   0   0   0   0   0   0   0   0   0   0   0   0  0.71 0.01
  471 E    -1   0   0   2  -4   2   5  -2   0  -3  -3   1  -2  -3  -1   0  -1  -3  -2  -3    0   0   0   0   0   0 100   0   0   0   0   0   0   0   0   0   0   0   0   0  0.76 0.01
  472 R    -2   6   0  -2  -4   1   0  -2   0  -3  -2   2  -1  -3  -2  -1  -1  -3  -2  -3    0 100   0   0   0   0   0   0   0   0   0   0   0   0   0   0   0   0   0   0  0.74 0.00
  473 A     4  -2  -2  -2   0  -1  -1   0  -2  -1  -2  -1  -1  -2  -1   1   0  -3  -2   0  100   0   0   0   0   0   0   0   0   0   0   0   0   0   0   0   0   0   0   0  0.40 0.00
  474 P    -1  -2  -2  -2  -3  -1  -1  -2  -2  -3  -3  -1  -3  -4   8  -1  -1  -4  -3  -3    0   0   0   0   0   0   0   0   0   0   0   0   0   0 100   0   0   0   0   0  2.04 0.00
  475 L    -2  -2  -4  -4  -1  -2  -3  -4  -3   2   4  -3   2   0  -3  -3  -1  -2  -1   1    0   0   0   0   0   0   0   0   0   0 100   0   0   0   0   0   0   0   0   0  0.45 0.01
  476 I    -1  -3  -3  -3  -1  -3  -3  -4  -3   4   2  -3   1   0  -3  -3  -1  -3  -1   3    0   0   0   0   0   0   0   0   0 100   0   0   0   0   0   0   0   0   0   0  0.38 0.00
  477 R    -2   6   0  -2  -4   1   0  -2   0  -3  -2   2  -1  -3  -2  -1  -1  -3  -2  -3    0 100   0   0   0   0   0   0   0   0   0   0   0   0   0   0   0   0   0   0  0.74 0.00
  478 T     0  -1   0  -1  -1  -1  -1  -2  -2  -1  -1  -1  -1  -2  -1   1   5  -3  -2   0    0   0   0   0   0   0   0   0   0   0   0   0   0   0   0   0 100   0   0   0  0.46 0.00

                      K         Lambda
Standard Ungapped    0.1395     0.3222
Standard Gapped      0.0410     0.2670
PSI Ungapped         0.1395     0.3222
PSI Gapped           0.0410     0.2670
