
Last position-specific scoring matrix computed, weighted observed percentages rounded down, information per position, and relative weight of gapless real matches to pseudocounts
            A   R   N   D   C   Q   E   G   H   I   L   K   M   F   P   S   T   W   Y   V   A   R   N   D   C   Q   E   G   H   I   L   K   M   F   P   S   T   W   Y   V
    1 M    -1  -2  -2  -3  -2  -1  -2  -3  -2   1   2  -2   6   0  -3  -2  -1  -2  -1   1    0   0   0   0   0   0   0   0   0   0   0   0 100   0   0   0   0   0   0   0  0.46 0.03
    2 A     4  -2  -1  -2  -1  -1  -1   0  -2  -2  -2  -1  -1  -3  -1   2   0  -3  -2  -1   83   0   0   0   0   0   0   0   0   0   0   0   0   0   0  17   0   0   0   0  0.48 0.06
    3 L    -1  -3  -3  -3  -2  -2  -3  -4  -2   2   4  -3   1   0  -3   0  -1  -2   2   1    0   0   0   0   0   0   0   0   0  10  60   0   0   0   0  10   0   0  10  10  0.35 0.08
    4 E    -1  -1   1   3  -3   1   3   2  -1  -2  -3  -1  -2  -3  -2   1  -1  -3  -3   0    0   0   4  18   0   9  23  18   0   0   0   0   0   0   0  17   0   0   0  12  0.31 0.09
    5 Q    -2   4  -1  -2  -4   3   0   1  -1  -4  -3   3  -2  -4   1  -1  -2  -4  -3  -3    0  39   0   0   0  21   0  15   0   0   0  19   0   0   7   0   0   0   0   0  0.61 0.17
    6 L    -2   0  -4  -4  -2  -3  -4  -4  -3   3   4  -3   1   3  -4  -3  -2  -2  -1   0    0   6   0   0   0   0   0   0   0  22  55   0   0  17   0   0   0   0   0   0  0.56 0.16
    7 C     0  -1  -3  -4   9  -3  -4  -4  -4  -3  -3  -3  -3  -4   1   0   0  -4  -4  -2    7   5   0   0  70   0   0   0   0   0   0   0   0   0   6   5   6   0   0   0  1.60 0.32
    8 A     2  -3  -2  -2  -3  -3  -3   5  -3  -3  -4  -2  -3  -4  -3   1  -2  -4  -4  -1   21   0   0   0   0   0   0  62   0   0   0   0   0   0   0  10   0   0   0   7  0.87 0.22
    9 V     0  -2   1   4  -3  -1  -1   0   0  -2  -3  -2  -2  -3  -2   2   3  -4  -3  -1    6   0   5  30   0   0   0   5   3   0   0   0   0   0   0  22  25   0   0   5  0.44 0.17
   10 L     1  -1  -2   1  -2  -1  -2  -3  -2  -1   1   1   3   0  -3  -1   1  -2   2   0   13   0   0   9   0   0   0   0   0   0  15  14  14   3   0   0  13   0  11   8  0.14 0.12
   11 K     0   1   2   0  -2   1   0  -2  -1  -1  -1   1  -1  -2  -1   1   1   4  -2  -2    7   6  14   6   0   6   2   0   0   4   8   9   0   0   2  16  12   7   0   0  0.18 0.10
   12 V    -1   0  -1  -2  -3  -2   0  -1  -3  -2   0   1  -2  -3   5   1  -1  -4  -3   1    0   4   2   0   0   0   4   4   0   0  11  10   0   0  37  14   0   0   0  13  0.57 0.19
   13 L    -1  -3  -3   0   4  -2   1  -4  -3   0   3  -2   0   2   1  -2  -2  -3  -1   0    4   0   0   6  11   0  14   0   0   0  41   0   0  11   6   1   0   0   0   5  0.29 0.16
   14 L    -2  -1  -4  -4  -2  -3  -3  -4  -4   2   3  -3   0   1   2  -3   0  -3  -2   2    0   4   0   0   0   0   0   0   0  13  45   0   0   5  13   0   6   0   0  13  0.45 0.18
   15 I     0  -3  -3  -4  -2  -3  -3   0  -3   3   2  -3   1   2  -3  -1   0  -3  -1   2    7   0   0   0   0   0   0   9   0  30  18   0   3  12   0   2   6   0   0  12  0.30 0.15
   16 T     1  -2   3  -2  -2  -1  -2  -2  -2   0   0   0  -1  -3   1   2   2  -4  -3   0   11   0  19   0   0   0   0   0   0   7   8   6   1   0   8  16  17   0   0   7  0.22 0.14
   17 V     2  -2   0   0  -2  -2  -2  -2  -2  -1   0  -2  -1   1   1   2   0  -3  -2   1   21   0   4   7   0   0   0   0   0   0  12   0   0   8   7  24   3   0   0  13  0.19 0.15
   18 L    -2  -3  -1  -3  -2   0  -3   0  -1   3   2  -2   2   0  -3  -1   0  -3  -2   1    0   0   4   0   0   6   0  10   2  24  29   0   5   2   0   5   8   0   0   5  0.23 0.15
   19 V    -1  -1  -3  -2   5  -2  -3   0  -3   1   1  -2   1   2  -3  -1   1  -2  -1   1    2   3   0   2  16   0   0   7   0   9  14   2   4  13   0   3  10   0   0  12  0.22 0.14
   20 V    -1   0   0   0   3  -1   0  -1   0   1   1  -2  -1   0  -3   0  -1  -2   1   1    3   6   4   7   8   0   8   3   2   9  13   0   0   4   0   9   0   0   6  17  0.06 0.09
   21 E    -1   1   1   1  -3   1   2   0  -1  -3  -1   2  -2  -3  -1   2   0   0  -2  -2    2   6   6   8   0   7  14   6   0   0   8  14   0   0   3  20   5   2   0   0  0.21 0.13
   22 G    -2  -1   0   1   1  -2  -2   2   0   0   0  -3   3   4  -3  -1  -2  -2  -1   0    0   3   6  10   3   0   0  20   2   4   7   0  11  25   0   3   0   0   0   6  0.27 0.18
   23 I    -2  -3  -1  -3   1  -1  -1   0  -2   2   0  -3   0   3  -1  -2  -1   1   2   2    0   0   4   0   4   2   5   8   0  18   8   0   3  15   3   2   2   2   9  15  0.16 0.12
   24 A     1  -3  -2  -3  -3  -2  -2  -1  -3   0   1  -2  -2  -3   1   4   1   2  -3   0    9   0   0   0   0   0   0   3   0   7  14   0   0   0   7  45   6   3   0   6  0.40 0.25
   25 V    -2   0   2   3  -3   0   0  -1  -2   0   0   1  -2  -2  -3   0  -1  -4  -3   0    0   5  14  24   0   5   2   4   0   8  10   9   0   1   0  10   0   0   0   9  0.21 0.15
   26 A     2  -1   0  -3  -2  -1  -2  -2  -1  -2  -1  -2  -2   3   0   0   3  -2   2  -2   24   2   4   0   0   2   0   0   1   0   3   0   0  14   4   6  29   0   8   0  0.36 0.22
   27 Q     0   1   0   2  -3   3   2  -3   1   0  -2   0  -2  -1  -2  -1   0  -3   1  -1    8   6   3  11   0  18  17   0   4   7   0   2   0   3   0   2   7   0   7   5  0.22 0.15
   28 K    -1   3   0   0  -3   0   0   1   2  -3  -2   0  -2  -3   0   2   1  -3  -2  -2    0  22   4   4   0   3   6  12   5   0   3   4   0   0   4  19   9   0   0   2  0.27 0.16
   29 T     0   1  -1   1   6  -2  -2  -3   0   0  -3  -1  -3  -3  -2   3   1  -4   1  -2    5   8   2   8  22   0   0   0   2   7   0   3   0   0   1  27   7   0   5   0  0.47 0.26
   30 Q     0  -1   1   1  -1   2   1   1   4  -4  -4  -1  -3  -1   2   0  -1  -4  -2  -3   10   2   6  10   1  10   9  13  14   0   0   3   0   3  12   4   2   0   0   0  0.32 0.18
   31 D     0  -1   2   3  -3  -1   1   1  -2  -2  -4   0  -3  -4   3   1   1  -4  -3  -3    5   2   9  18   0   0   8   9   0   2   0   5   0   0  18  10  13   0   0   0  0.41 0.20
   32 G    -2  -4  -3  -1  -2  -2  -2   6  -4  -2  -4  -4  -4   0   0  -2  -3   0  -4   0    2   0   0   3   1   1   2  68   0   3   0   0   0   4   5   1   0   1   0   9  1.09 0.40
   33 Q    -1  -2  -1  -2  -4   4  -2  -2   2  -3  -2   0  -2   5   1  -1  -3  -2   2  -2    5   0   2   2   0  25   0   3   4   0   1   6   0  29   8   4   0   0   6   2  0.53 0.28
   34 N     0   1   1   1  -3   1   1   2  -2  -1  -2  -1  -1  -3  -2   0   0   2  -2  -1    6   9   6   8   0   6  12  19   0   4   3   2   2   0   0   8   6   4   0   5  0.16 0.11
   35 I     1  -1  -1  -2  -2  -1  -1   0  -2   0   1   1   0   2   0   0   0   0   0  -1   13   2   3   0   0   0   3   7   0   8  19  10   2  11   4   9   6   1   2   0  0.07 0.10
   36 G    -1   0   1   0  -1   0  -1   3   0  -2  -2   0  -1   0  -1  -1   2   3  -1  -2    1   5   9   4   1   4   2  26   3   3   2   8   1   4   2   0  17   5   1   1  0.23 0.17
   37 I    -1  -3  -1   0  -3  -2  -1  -3  -2   2   0  -2   0   3   0   1   0  -2   3   1    4   0   2   6   0   0   5   0   0  13   8   0   1  13   5  11   6   0  13  13  0.18 0.15
   38 K     0   1  -1   0  -3   1   2  -1  -2  -3  -2   2   0   1  -2   1   2  -3   0  -2    6   9   0   4   0   7  13   4   0   0   3  12   2   7   0  13  13   0   3   1  0.18 0.15
   39 H     2   0   0  -1  -1   0  -1  -1   4  -2  -2  -1  -2  -2   4  -1  -1  -3   0  -1   18   5   6   3   1   3   3   5  14   1   3   3   0   2  21   3   4   0   3   4  0.34 0.19
   40 I     1  -1  -1  -1   2   0  -1  -2  -3   1   0  -2   1  -1  -1   0   3  -3  -2   2   10   4   2   2   4   4   3   1   0   7   6   1   3   2   3   7  21   0   0  20  0.16 0.15
   41 P    -2  -1  -1  -1   6   0   0  -3  -1  -3  -2   1  -3  -2   4   0  -2  -3   2  -3    1   2   2   3  22   5   6   1   1   0   3  11   0   2  23   8   2   0   7   1  0.64 0.30
   42 A     0   0   1   1  -3   0   1   1  -2   0  -2  -1  -1  -2   0   2   0  -3  -1   1    6   6   6   8   0   3  10   9   0   5   1   2   1   1   3  23   2   0   3  11  0.13 0.14
   43 T     2  -1   0   0   0  -1  -2  -1  -1  -1  -1  -2  -1  -1   2   1   2  -4  -2   1   21   4   5   5   2   2   0   4   1   1   6   0   1   3  10  10  14   0   1  10  0.17 0.17
   44 Q     1   0   2   1  -3   1   1   0   1  -2  -2   1  -2  -2   1   1   0  -1  -3  -2   15   3  11   6   0   7  11   5   4   1   3   8   0   2   6  12   5   1   0   3  0.18 0.14
   45 C    -3  -8  -7  -8  12  -8  -8  -7  -8  -6  -6  -8  -6  -7  -7  -5  -5  -7  -7  -5    2   0   0   0  98   0   0   0   0   0   0   0   0   0   0   0   0   0   0   0  4.22 1.18
   46 G    -2  -3   0  -3  -5  -2  -4   6  -5  -6  -6  -2  -5  -4  -5   2  -4  -6  -6  -6    1   1   3   1   0   2   0  71   0   0   0   3   0   1   0  18   0   0   0   0  1.53 0.61
   47 I    -1  -2  -2   0  -2   0   0   6   0  -2  -3  -3  -4  -2  -4   0  -3  -5  -1  -2    2   2   1   5   1   4   7  57   3   2   2   0   0   2   0   7   1   0   2   3  0.85 0.41
   48 W    -1   1   2   0  -3   0   0  -1   0  -1  -1  -1  -1   1  -2  -1   2   2   0   1    4   8  11   5   0   3   6   3   3   2   6   3   0   7   1   3  14   4   4  15  0.08 0.12
   49 V    -2  -3  -5  -4  -3  -2  -3  -5  -4   4   4  -3  -1   0  -3  -4  -2  -4  -3   3    3   1   0   1   0   1   2   0   0  28  40   1   0   3   1   0   2   0   0  17  0.72 0.35
   50 R    -1   2  -1  -2  -3   1   0  -2   3  -1   0   1  -1   2  -1  -1   0   0   2  -1    3  14   2   1   0   8   5   2   9   4  11   8   0  10   3   3   6   1   6   2  0.15 0.14
   51 T     1  -1   2   1  -3   0  -1  -1  -1   0  -1  -1  -2  -2  -2   1   2   1   0   0   10   2  11  10   0   3   2   3   1   6   7   2   0   0   0  12  20   2   3   6  0.16 0.16
   52 S     2  -2   0   0  -3   1   1   1   0  -2  -2  -1  -2   0   1   1   1  -3  -2  -2   19   0   3   5   0   5  12  11   2   1   4   3   0   5   6  12   9   0   0   2  0.17 0.15
   53 N    -1   0   0   1  -3   0   2   0   0  -3  -2   0   0  -1   3   1   1  -3   1  -2    3   6   5   7   0   3  15   6   2   0   4   3   3   2  14  10   8   0   7   1  0.21 0.15
   54 G     0   0   1  -1  -2   0   0   0  -2   0  -2   0  -2  -2   0   3   2   3  -2  -1    7   4   7   1   0   3   5   7   0   7   3   4   0   1   4  26  13   4   0   2  0.20 0.17
   55 G    -1  -3  -3  -4  -5   1  -3   6  -5  -4  -6  -1  -2  -6  -5  -1  -2   0  -5  -5    3   1   1   0   0   7   1  75   0   1   0   3   1   0   0   3   3   1   0   0  1.52 0.59
   56 H    -2   2   0  -2  -3   0   1  -3   0   1  -2  -1   0  -1  -3   1   2   1   3   1    0  12   5   1   0   4  10   1   2   9   1   1   2   2   0  10  15   2  12  11  0.19 0.20
   57 F    -4  -5  -3  -6  -4  -5  -5  -6  -5   5   2  -5   1   5  -5  -5  -4  -3  -1   2    0   0   1   0   0   0   0   0   0  37  17   0   3  30   0   0   0   0   1  11  1.09 0.47
   58 A    -1  -3  -1  -1  -3   0   0  -2   2  -2   0  -1  -2  -3  -3   2   4  -4   1   0    3   0   2   2   0   5   6   2   6   2  11   4   0   0   0  20  28   0   5   6  0.34 0.29
   59 S    -2  -4  -3  -3  -4  -3  -3  -3  -4  -5  -3  -3  -4  -5  -4   7   1  -5  -4  -4    2   0   0   0   0   0   1   1   0   0   2   0   0   0   0  83   7   0   0   1  1.66 0.70
   60 P    -1  -4  -4  -1  -5  -4  -2  -4  -4  -2  -3  -1  -2  -5   8  -3  -3  -5  -3  -4    4   0   0   3   0   0   2   1   0   3   3   3   1   0  73   2   1   0   1   1  1.92 0.65
   61 N    -2  -1   5   1  -1  -2   0   4   0  -4  -3  -1  -4  -2  -3   0  -2  -4   0  -4    2   3  30   6   2   0   5  32   2   0   3   4   0   1   0   6   0   0   3   1  0.64 0.32
   62 Y    -4  -4  -4  -5  -4  -4  -4  -1   0  -3  -2  -4  -3   6  -2  -4  -4   4   8  -4    1   1   0   1   0   0   1   5   2   1   2   1   0  30   2   1   1   4  48   1  1.63 0.58
   63 P    -4  -3  -4  -4  -5  -2  -4  -2  -5  -5  -5  -3  -5  -6   8  -2  -3  -6  -5  -5    1   1   0   0   0   2   1   3   0   0   1   1   0   0  84   3   1   0   0   1  2.46 0.79
   64 D    -1   0   2   2  -4   1   1   2   2  -3  -3   0  -2  -3  -3   1  -2  -4  -2  -3    5   4  13  15   0   6  11  18   5   2   3   6   1   1   0   8   0   0   1   1  0.30 0.19
   65 S     0  -2   3   1  -3   0   0  -1  -2  -3  -2   0  -1  -2   3   1   1  -3   1  -2    6   1  19   6   0   3   6   4   0   0   3   5   2   1  13  14   9   0   5   2  0.28 0.21
   66 Y    -2  -5  -5  -4  -6  -5  -5  -6   2  -5  -5  -5  -4   1  -6  -5  -3  -2   9  -4    4   0   0   1   0   0   0   0   5   0   0   0   0   3   0   0   1   0  82   1  2.55 0.87
   67 P    -2  -2   1   0  -5  -3   0   0  -2  -4  -3   1  -3  -5   7   0  -3  -5  -4  -4    3   1   6   5   0   0   5   6   1   1   2   7   1   0  51   9   0   0   1   0  1.14 0.48
   68 P     1   0   4   0  -4  -1  -1  -1  -2  -2  -3  -1  -3  -3   4   1   0  -4  -1  -3   10   5  23   5   0   2   4   5   0   3   1   2   0   1  21  10   5   0   3   1  0.45 0.27
   69 N    -3   0   5   2  -4   0  -1   1   3  -5  -3   0  -4  -4  -4   1  -2  -5   0  -4    0   4  34  13   0   4   3  11   7   0   3   6   0   0   0  10   1   0   4   0  0.61 0.34
   70 K     2   0  -2  -3  -3   3   0  -3  -3  -1   0   0   1  -2  -3   0   3  -4  -3   0   19   4   1   0   0  17   5   1   0   3   8   4   3   1   0   7  19   0   0   8  0.28 0.26
   71 E    -2   1   3   1  -4   0   2  -3   3  -2  -1   1  -1  -1  -3  -1  -1  -4  -3   0    2   8  19   7   0   2  18   0   7   2   6  10   1   4   0   4   3   0   0   7  0.30 0.23
   72 C    -5  -3  -7  -8  11  -7  -7  -7  -7  -5  -2  -2  -6  -7  -7  -3  -3  -7  -7  -4    0   1   0   0  87   0   0   0   0   0   4   3   0   0   0   2   2   0   0   1  3.47 1.05
   73 I    -2  -1   0  -2  -3   0   0  -4   3   1  -1  -2  -1  -3  -4   1   2  -1   1   3    0   3   3   1   0   4   8   0   7   9   5   1   1   0   0  13  16   1   4  25  0.30 0.27
   74 Y    -5  -7  -8  -9  -7  -7  -7  -7  -6  -4  -4  -4  -6  -1  -8  -7  -2  12   2  -7    1   0   0   0   0   0   0   0   0   1   1   2   0   2   0   0   3  84   6   0  4.10 1.20
   75 I    -2   2  -1   0  -3  -2  -1  -4   2   1   1   0   0  -1  -3  -1   3  -2  -1   1    1  12   3   6   0   1   4   0   5   8  18   4   1   2   0   1  23   1   1   9  0.22 0.21
   76 L    -5  -6  -7  -7  -4  -6  -6  -7  -6   7   3  -6  -2  -1  -6  -6  -4  -6  -4   1    0   0   0   0   0   0   0   0   0  64  27   0   0   2   0   0   0   0   0   7  1.61 0.62
   77 E    -1   2   0  -1  -2   2   3  -4   2  -2  -1   0  -2  -1  -2   0   2  -4  -2   0    3  14   3   1   1  10  25   0   5   1   5   2   0   2   1   5  12   0   1   8  0.31 0.25
   78 A     4  -2  -4  -4  -3  -4  -4   2  -4   0  -2  -3   1  -4  -1  -1  -1  -5  -4   4   36   3   0   0   0   0   0  13   0   4   3   0   3   0   3   2   4   0   0  29  0.59 0.37
   79 A    -1  -2   0   1  -5   1  -1  -3  -4  -2  -5   1  -5  -6   7  -2   0  -6  -2  -4    6   1   4   7   0   6   3   1   0   2   0   8   0   0  51   2   7   0   2   1  1.15 0.50
   80 P     0   0  -1  -1  -1  -2   3  -2  -2  -2  -4   1  -2  -5   5  -1  -1  -5  -2  -2    6   4   3   3   1   0  26   2   1   3   1  10   1   0  29   4   3   0   2   2  0.63 0.35
   81 R    -1  -1   2   2  -5  -2  -1   5   0  -6  -6   0  -2  -5  -4  -2  -4  -5  -3  -5    4   3  12  10   0   1   4  54   2   0   0   6   1   0   0   1   0   0   1   0  0.99 0.45
   82 Q    -1   2  -1  -2  -4   3   1  -2   2  -4  -3   2  -1   1  -4   0  -1  -3   3  -2    3  11   1   1   0  19   8   2   6   0   2  11   1   8   0   9   4   0  12   2  0.36 0.27
   83 R    -1   4  -1  -3  -2  -1  -1  -1   1   1  -1   2   0  -3  -3   0   0  -1  -2   0    4  30   3   0   1   1   1   4   4   8   5  13   3   0   0   7   6   1   1   9  0.32 0.24
   84 I    -4  -6  -6  -6  -4  -5  -6  -6  -6   6   2  -5   0  -3  -5  -5  -3  -5  -4   4    0   0   0   0   0   0   0   0   0  55  17   0   2   0   0   0   0   0   0  25  1.39 0.55
   85 E    -2   3  -2  -2  -4   3   1  -4   3   0  -1   1  -1  -2  -3   0   1  -4  -2   0    1  17   1   0   0  13  11   0  10   6   7   8   1   2   0   6  10   0   0   7  0.30 0.23
   86 L    -4  -5  -6  -6  -4  -5  -5  -6  -5   3   5  -5   1   2  -5  -5  -4  -4  -3   1    0   0   0   0   0   0   0   0   0  17  61   0   3   8   0   0   0   0   0  10  1.15 0.48
   87 T    -1   2   2  -2  -1   2   0  -3   3  -1  -3   0   0  -3  -3   1   2  -3   1   0    5  12  10   1   1   9   4   1   9   4   0   5   2   0   0  10  15   0   7   7  0.25 0.22
   88 F    -5  -6  -6  -6  -5  -6  -6  -6  -5   3  -1  -6  -3   8  -6  -5  -5  -3  -1  -1    0   0   0   0   0   0   0   0   0  16   4   0   0  74   0   0   0   0   0   4  2.08 0.72
   89 D    -1   1   1   1  -2   1   2  -1  -2  -1  -1  -1  -1  -2   1  -1   2  -1  -2   0    1   7   8   7   0   7  16   5   0   5   6   2   1   1   5   2  15   1   1   7  0.14 0.12
   90 E    -2   0  -1   3  -3   1   2  -1   4  -3  -2   0  -2  -3   1   0  -1  -1  -2  -3    2   6   2  19   0   5  17   5  12   1   4   4   1   1   7   8   3   1   1   1  0.34 0.18
   91 R     0   0   0   0  -2   1   0  -1   2   0   0  -1   0   0  -1   1   0  -1   1   0    5   6   5   4   1   6   5   4   7   4  10   2   2   5   2  13   4   0   5   9  0.03 0.04
   92 Y    -2  -4  -4  -4  -3  -4  -4  -4  -3   1   2  -3   2   7  -4  -1  -3   0   1  -2    2   1   1   1   0   1   1   1   0   6  17   2   6  50   1   4   1   1   3   2  1.03 0.40
   93 Y    -1  -2   2   5  -4   1   1  -1   1  -3  -1  -1  -3  -3  -3   0  -1  -4  -1  -3    4   1  10  37   0   5  10   5   4   1   6   3   0   1   1   7   2   0   2   1  0.52 0.26
   94 I    -2  -4  -4  -2  -3  -4  -3  -4  -4   4   4  -4   2   1  -4  -3  -1  -3  -3   1    2   0   0   2   0   0   1   1   0  22  46   1   4   6   0   1   3   0   0   9  0.68 0.32
   95 E    -1  -1  -3   0  -5   1   6  -4  -1  -4  -2  -1  -4  -1   0  -3  -3  -4   2  -3    6   3   0   4   0   5  57   1   1   0   4   2   0   2   5   1   0   0   8   1  0.94 0.46
   96 P    -1   0   1   2   2   0   0  -1  -1  -1   0   0  -1  -1   2   0  -1  -1  -1  -1    1   7   6  14   7   3   7   4   1   4  12   4   1   3  10   8   3   1   2   2  0.10 0.09
   97 S     1  -2   1   2   0  -1   0  -1   3  -3  -2  -1  -2  -2  -1   3   0  -4  -1  -3   10   1   6  12   2   1   7   3  10   1   3   2   1   1   3  27   6   0   2   1  0.30 0.22
   98 F    -1   1  -1   2  -3   0   1  -1   1  -2   0   0  -2  -1   2   1   0  -1   1  -1    4  10   1  15   0   2   9   5   3   1  10   3   0   2   9  11   5   1   6   3  0.13 0.11
   99 E     0   0   2   0  -2   0   2   1  -1  -2   0  -1  -1  -1  -1   0   1  -2   0  -2    7   4  14   5   0   2  14  12   0   1  11   1   2   2   2   7  10   0   4   1  0.13 0.12
  100 C    -3  -2  -4  -4  11  -4  -4  -4   0  -4  -4  -4  -4  -4  -4  -3  -3  -4  -4  -2    1   2   1   1  79   1   1   1   3   1   1   1   0   1   1   1   1   0   1   2  2.87 0.77
  101 R     0   1   1   0  -2   1   1   1   0   0  -1   0  -1  -1   0   0  -1   3  -1  -1    6   8   6   3   0   5  12  13   3   7   4   6   0   3   4   7   2   5   0   5  0.09 0.08
  102 F    -1  -2  -1  -3  -3  -2  -2   0   0  -3  -1   1   0   1  -3   1  -1   3   6  -2    5   1   3   1   0   1   1   6   2   1   6  10   2   6   1  12   4   3  33   2  0.50 0.27
  103 D    -4  -5   0   8  -6  -4   1  -5  -4  -6  -7  -4  -6  -6  -5  -2  -4  -7  -6  -6    1   0   4  83   0   0   8   0   0   0   0   0   0   0   0   2   0   0   0   0  2.19 0.77
  104 H    -1   2  -1  -5  -5  -3  -4  -5   3  -4  -2  -3   0   2  -5   1  -1   2   7  -1    4  13   3   0   0   0   0   0   6   0   2   0   2   9   0  13   3   2  38   4  0.88 0.46
  105 L    -4  -5  -6  -6  -4  -5  -6  -6  -6   2   4  -5   1  -3  -6  -5  -3  -5  -4   5    0   0   0   0   0   0   0   0   0  11  41   0   3   0   0   0   0   0   0  44  1.24 0.53
  106 E    -1  -1  -2  -1  -5   0   5  -4  -1   0  -2   1  -1  -3  -4  -2   1   0  -1   0    3   2   1   2   0   3  44   0   1   6   4  10   1   1   0   2  10   1   2   6  0.57 0.37
  107 I    -4  -5  -6  -6  -4  -5  -6  -6  -6   5   2  -5   3   0  -5  -5  -3  -5  -1   5    0   0   0   0   0   0   0   0   0  31  14   0   6   4   0   0   0   0   2  42  1.13 0.49
  108 R    -3   4  -3  -2  -4  -2   0  -1   1  -1  -2   0  -2   3  -4  -2  -1  -2   5  -3    1  28   0   1   0   1   6   5   3   5   4   5   1  11   0   3   4   0  22   0  0.55 0.32
  109 D    -2  -3   2   6  -4  -2   0  -3  -1  -2  -4   0  -4  -4  -3   1  -1  -4  -2  -2    2   1  10  48   0   0   5   1   1   2   1   6   0   0   1  12   4   0   1   3  0.85 0.38
  110 G    -2  -3  -2  -1  -4  -1  -2   6  -3  -1  -3  -3  -3  -4  -2   1  -1  -4  -3  -2    2   1   1   3   0   2   2  63   0   4   2   1   0   1   2   9   3   0   1   2  1.01 0.40
  111 P    -1   0  -1   2  -3  -1   0   0  -1  -1  -1  -1  -2  -2   2   2  -1  -3   1  -1    4   6   1  12   0   1   4   8   1   4   8   3   0   1  12  21   3   0   7   3  0.18 0.16
  112 F     0  -1   1   1  -3  -1   1  -1   1  -2  -1  -1  -2  -2  -1   3   1   2  -2  -2    5   2   9   7   0   2   9   4   4   2   6   1   0   2   3  26  10   4   1   2  0.20 0.18
  113 G     1   0   1   1  -3   0   1   1  -2  -1  -2   0  -2  -3   2   1   0  -3  -2  -1   11   6   5  10   0   3  11   9   0   4   4   5   0   1  13   8   6   0   1   4  0.18 0.11
  114 F    -1   0   2   2  -3  -1   1  -2  -1  -2  -1   0  -1   0   0   1   0  -3   1  -1    5   3  10  15   0   1   7   2   1   1   8   7   2   4   5  15   5   0   5   3  0.14 0.13
  115 S     1   1   0   0  -3  -1  -1   3   0  -3  -3   0  -3  -3   0   3   0  -4  -3  -2   11   7   3   4   0   2   3  23   3   0   1   5   0   1   4  25   4   0   0   3  0.34 0.22
  116 P    -1   3   1  -2  -4   2  -2  -2  -1  -2  -2   1  -3  -2   5  -1   0  -4  -3  -1    4  16   8   1   0   9   1   2   1   3   5   6   0   2  29   3   5   0   0   4  0.52 0.27
  117 L    -1   0  -3  -3  -3  -1  -2  -4  -3   2   3  -2  -1   0  -2  -1   1  -3  -2   2    4   6   1   1   0   2   2   1   0  10  32   2   0   4   1   3  11   0   0  18  0.28 0.20
  118 I    -2  -1  -4  -3   1  -3  -2  -1  -4   3   4  -3   0  -2  -4  -3   0  -1   0   0    1   3   0   1   3   0   2   7   0  21  43   0   1   0   0   0   7   1   3   5  0.51 0.29
  119 D     2  -1  -2  -1  -4  -2  -2   4  -1  -3  -4  -2   0  -1  -3   0  -2  -3   3  -1   17   3   1   4   0   1   2  40   1   1   1   2   3   2   0   5   2   0  11   4  0.54 0.30
  120 R    -1   5  -3   0  -5   1   0  -4  -3  -3  -3   4  -3  -5  -4  -1   0  -5  -2  -1    4  37   0   5   0   6   4   0   0   1   1  23   0   0   0   4   7   0   1   5  0.72 0.38
  121 Y    -2  -2  -5  -5  -4  -4  -5  -5  -1   0   2  -4  -2   6  -5  -1  -1   4   4   0    3   2   0   0   0   0   0   0   1   4  19   0   0  33   0   6   3   5  18   6  0.86 0.41
  122 C    -4  -3  -6   0  11  -6  -2  -6  -3  -5  -3  -6  -5  -6  -7  -1   0  -7  -6  -5    0   1   0   5  76   0   4   0   1   0   3   0   0   0   0   4   5   0   0   0  2.83 0.92
  123 G    -2  -2  -2  -2   4  -1  -2   6  -4  -4  -5  -4  -2  -5  -4   0  -4  -5  -5  -3    1   2   1   1   8   4   3  68   0   1   0   0   1   0   0   7   0   0   0   2  1.33 0.53
  124 M    -1   1   1   1  -3   1   0  -1   2  -2  -1   1  -1  -2   0   1   1  -3   1  -3    4   8   9   8   0   8   6   3   5   1   6   7   2   1   4  11  12   0   6   0  0.15 0.14
  125 K    -1   0   1   0  -3   2   1   1  -2   0  -2   1  -2   0  -1   0   1  -3   0  -1    4   4   9   5   0  11  10  10   0   6   2   8   0   5   2   8  10   0   3   4  0.11 0.12
  126 S     0   2  -2  -1  -3  -2   0  -3  -2   1   1  -1   0  -3   2   1   1  -4  -3   1    9  12   1   2   0   0   5   0   1  11  12   2   1   0  12  12   9   0   0   9  0.20 0.18
  127 P    -3  -4   1  -4  -2  -2  -4  -1  -3  -2  -3  -1  -4  -6   7  -2  -4  -6  -5   0    1   0   7   0   1   2   0   5   1   2   2   4   0   0  64   2   0   0   0   7  1.59 0.61
  128 A     0   0  -2   1  -4  -1   2   1   0  -1  -2   0  -1  -2   4   1  -1  -4  -3  -2    6   5   1   6   0   2  13  10   2   3   3   6   2   2  22  12   3   0   0   2  0.32 0.20
  129 L     0   1   0   0  -3  -2   0  -2  -3  -1  -1  -1  -2  -1   3   2   1  -4  -3   1    6   9   3   6   0   0   4   2   0   2   6   3   0   3  15  21   8   0   0  12  0.24 0.21
  130 I    -4  -5  -5  -6  -4   0  -5  -6  -4   4   2  -3  -2   5  -3  -4  -3   2   1   1    0   0   0   0   0   5   0   0   0  24  21   1   0  30   1   0   1   2   4  11  0.83 0.40
  131 R    -2   1   1  -3  -3   0  -1  -4  -2   2   1   0   1   0  -3  -2   1  -2  -1   2    0   9   7   0   0   3   4   0   1  12  17   4   3   4   1   1  11   1   1  20  0.20 0.19
  132 S     0  -4  -2  -4  -4  -4  -3  -3  -4  -1  -2  -3  -4  -5  -3   6   0  -6  -5   0    6   0   1   0   0   0   1   1   0   4   3   1   0   0   1  72   5   0   0   6  1.23 0.64
  133 T     0   1   0  -1  -4   1   0  -1  -1  -4  -3   0  -1  -2   1   4   2  -5  -4  -3    6   6   4   2   0   5   6   3   1   0   1   4   1   2   7  36  16   0   0   0  0.45 0.32
  134 G     0  -1   0   1  -4   0  -2   4  -2  -4  -3  -2  -4  -3  -4   3   1  -1  -1  -3    4   2   3   7   0   4   0  33   1   1   3   2   0   1   0  26  11   1   2   1  0.53 0.33
  135 R    -2   1   6   1  -5  -1   0   0   1  -6  -6  -1  -4  -5  -2   2  -1  -6  -3  -5    3   6  43   8   0   2   4   5   4   0   0   2   0   0   2  18   3   0   1   0  0.84 0.44
  136 F    -1   1  -1  -1  -3   2   1  -3   2  -1  -1   1  -1   1  -3   1   0  -3   0   0    3   8   1   3   0  14   7   0   5   4   5  10   1   7   0  15   4   0   3  10  0.16 0.17
  137 M     1  -5  -5  -6  -4  -2  -5  -5  -5   3   3  -4   7  -1  -5  -4  -2  -5  -4   1   12   0   0   0   0   1   0   0   0  14  29   0  30   2   0   0   1   0   0  10  0.97 0.47
  138 W    -2   1  -3  -3  -1   0  -3  -4   0   0   1  -1  -1   0  -4   0   3   6   2   0    2  10   0   1   1   4   1   0   2   5  14   3   1   4   0   5  20  14   7   5  0.41 0.28
  139 I    -3  -5  -5  -5  -4  -5  -5  -6  -5   5   3  -5  -1   0  -5  -4  -3  -5  -3   4    0   0   0   0   0   0   0   0   0  33  26   0   0   4   0   0   0   0   0  35  1.07 0.45
  140 K    -2   2  -1  -2  -3   0   1  -3   2   2   0   2  -2  -1  -3  -1   2   0   0   0    0  10   2   0   0   4  11   0   5  14   8  13   0   2   0   3  16   1   3   6  0.20 0.19
  141 F    -5  -6  -6  -6  -5  -6  -6  -6  -4  -2   1  -6   1   8  -6  -5  -5   3   3  -4    0   0   0   0   0   0   0   0   0   2  11   0   3  70   0   0   0   4   9   0  1.99 0.69
  142 S     0   1   1  -2   2   1   0  -2   2   0   0   0   1   1  -2   0   0  -3  -1   0    7   7   7   0   6   7   7   0   6   7   7   7   6   6   0   7   7   0   0   7  0.07 0.12
  143 S     0   1  -3  -3  -4  -3  -3  -3  -3  -4  -4  -3  -4  -4   0   5   4  -4   1  -4    8   9   0   0   0   0   0   0   0   0   1   0   0   0   4  48  22   0   5   0  0.91 0.54
  144 D    -1  -3   2   6  -4  -1   0   0   1  -2  -4  -1  -4   0  -1   0  -1  -5  -4  -4    5   0  12  44   0   3   3   7   3   3   1   2   0   4   4   5   4   0   0   1  0.70 0.37
  145 E     0   0   0   0  -3   0   0   1   0  -1  -2   0   0   0  -1   2   0   0   2  -2    8   3   3   4   0   4   6  12   2   4   3   4   2   5   3  19   6   2   8   1  0.11 0.13
  146 E     1   1   0  -1  -3  -1   0   1   3  -1  -2  -1  -1  -3  -3   2   0  -3   0  -1   12   7   5   2   0   2   6  10  10   5   2   3   2   0   0  22   4   0   3   5  0.19 0.19
  147 L    -1   2   2  -1  -3   0  -1  -1   1   0  -1   0  -2   0   0   0   1   1   0   1    1  12  10   3   0   3   3   5   3   7   4   5   0   4   3   6   8   2   4  16  0.08 0.12
  148 E     1   1   2  -2   0   0   1  -1   0  -2  -1  -1  -2  -3   1   1   1  -3  -1   0   15   7  10   0   2   5   9   4   2   2   5   2   0   0   6  11  11   0   3   6  0.14 0.15
  149 G     1   1  -1  -1  -3   0   0   3   1  -2  -1   0  -2   0  -3   0  -1   0   0  -3   16  10   2   3   0   5   6  21   4   2   5   5   0   4   0   7   4   2   4   0  0.20 0.16
  150 L     1   3  -1  -1  -3   0   0  -2  -1  -2  -1   2  -1  -2   0   1   1  -4  -2  -2   10  17   2   3   0   4   6   2   1   2   5  14   2   1   5  11  11   0   1   2  0.20 0.16
  151 G    -2  -2  -4  -5  -6  -5  -5   7  -5  -6  -6  -5  -6  -6  -1  -1   1  -6  -6  -6    3   2   0   0   0   0   0  75   0   0   0   0   0   0   3   5  10   0   0   0  1.75 0.66
  152 F    -3  -6  -7  -7  -7  -6  -1  -7  -6  -2  -2  -2   1   8  -8  -6  -6   1  -2  -1    2   0   0   0   0   0   4   0   0   2   3   3   4  75   0   0   0   2   0   4  2.19 0.78
  153 R    -1   1   2   0   0   1  -1  -3   4  -3   0   2   0   1  -4   0   0  -4   0  -2    5   8  10   6   3   5   3   0  11   0   9  13   2   9   0   8   5   0   2   1  0.21 0.19
  154 A     4  -4  -5  -5  -4  -4  -4  -1  -5   3   2  -1  -2  -4   0  -1  -3  -5  -4   1   35   0   0   0   0   0   0   4   0  20  19   4   0   0   5   5   0   0   0   9  0.59 0.36
  155 K    -2   3  -1  -2   0   0  -2  -3   2  -2  -2   0  -1   1  -2  -1   1   2   5   0    1  16   3   2   2   5   1   2   5   2   2   6   2   7   2   4  11   3  20   7  0.34 0.25
  156 Y    -3  -6  -6  -7  -7  -6  -6  -3   0  -5  -5  -6  -5   5  -7  -1  -6   1   8  -2    3   0   0   0   0   0   0   3   2   0   0   0   0  23   0   5   0   2  59   3  2.14 0.75
  157 S    -1   2   1   0  -3   1   2  -2  -2  -3  -2   0  -1  -1  -3   1   1  -3   2   0    3  10   7   4   0   7  17   1   0   0   3   5   2   2   0  14   8   0   9   6  0.23 0.18
  158 F     2  -2  -3   0   3  -1  -1  -1  -3   0  -2  -2  -2   4  -3   0  -1   1  -2   0   24   2   0   5   8   3   5   4   0   6   2   1   0  19   0   9   4   2   0   5  0.27 0.21
  159 I    -1  -1  -1  -1  -2   0  -2  -3  -1   3   1  -2   0   2  -3  -1   2  -3  -1   2    4   4   2   4   0   5   1   1   2  20  14   1   2   8   1   4  13   0   1  14  0.18 0.15
  160 P     0  -1  -1   0   4  -1   1  -1  -2  -2  -2   0   1  -3   4   0   1  -3  -1  -2    7   2   3   6  12   2  12   3   0   2   3   5   4   1  21   4   8   0   2   2  0.36 0.19
  161 D     0   0  -1   0   2   1   0   0   2   0  -1   0  -1  -2   1   0   0  -2   1   0    6   6   0   6   6   6   6   6   6   6   6   6   0   0   6   6   6   0   6   6  0.05 0.09
  162 P    -1  -1   1   1   2   0   0   0   1  -2  -1  -2   0  -3   3   0   0   2  -3   0    5   3   6  10   6   5   6   7   3   0   4   0   3   0  19   5   6   3   0   7  0.23 0.21
  163 D    -1  -2   1   3  -4  -1   0   2   2  -2  -4  -1  -3  -4   0   1   0   1   0  -1    5   2   7  16   0   2   6  18   6   3   1   3   0   0   4  10   7   2   4   4  0.26 0.23
  164 F    -1  -1   0  -2   4  -1   0  -1   2  -1   0  -2   0   1  -2   1   0   1   3  -2    4   3   5   2  10   3   5   5   5   4  10   2   2   4   2  11   5   2  13   2  0.18 0.19
  165 T    -2  -1   1   0   1   1   0   0   1   0  -2  -1  -2   1   0   1   1   2   1  -1    1   2   6   5   4   8   7   8   3   6   3   4   0   7   4  11  11   3   6   3  0.10 0.15
  166 Y    -2   0   2   1   2   0  -1  -2   3  -1   0  -1   0   0   1   0   1  -3   2  -2    1   5  10   9   4   4   3   3   7   3  12   3   2   3   7   5   8   0   8   2  0.13 0.16
  167 L     1  -3  -2  -3   5   0  -1  -2   2   0   1  -3   0  -1   1   0   0   2   0   0   10   1   2   1  12   4   4   3   6   6  13   1   3   3   7   8   5   4   3   6  0.20 0.19
  168 G    -2  -2   1   0  -3   1   0   3   2  -1   0  -1  -2   0  -1   0   0   1  -2  -1    1   1   6   6   0   6   6  24   5   5   9   3   0   5   3   8   7   2   0   3  0.18 0.19
  169 G     0  -3   0   2   4  -3  -1   3   1  -3  -1  -3  -3  -2  -2   0   0   0  -1  -1    9   0   4  13  10   0   3  24   3   0   6   1   0   2   2   8   6   1   2   4  0.32 0.27
  170 I     0   1  -1   1   0   0   0  -1  -2   1   0   1   1   0  -2   1   1  -3  -2   0    5   9   0   9   3   5   7   4   0  11   6   8   4   6   0  10   9   0   0   6  0.06 0.12
  171 L    -1   1  -1  -1   2   0  -1   0   1  -1  -1   0   1   0   3   0  -1   2   1   0    4   7   3   3   4   3   4   6   3   3   6   5   4   5  15   7   4   3   4   7  0.13 0.12
  172 N     0   1   1   0  -2   1   0  -2   2   0  -1   0  -1   0   1   0   0  -3  -1   0    7   7   7   7   0   7   7   0   6   7   7   7   0   6   7   7   7   0   0   7  0.07 0.09
  173 P     0   0  -1   0   6  -1  -1   0   1  -1  -2  -1  -3  -3   3   0   0  -4   0  -1    6   5   3   5  17   3   3   9   3   4   4   4   0   0  14   6   6   0   4   4  0.31 0.25
  174 I    -1   0   1   0   3   0   0   0  -2   0  -1   1   0   0   0   0   0   2   0   0    4   3   8   5   7   5   7   6   0   8   5   8   4   4   3   6   4   4   3   6  0.05 0.09
  175 P     0   0   0   0   2   0   0   0  -2   0  -1   0  -1   0   0   0   0   3   1   0    6   6   5   6   5   5   6   6   0   6   6   6   0   5   6   6   6   5   5   6  0.05 0.08
  176 D     1   0   0   2  -3   0   2  -1   1  -2  -2   0   0   0   0   1   1  -3   0  -1   11   4   4  14   0   3  15   3   3   0   4   3   3   4   5   9   7   0   3   3  0.15 0.14
  177 C    -1  -2   1   1   3  -1  -1   0  -2   0   0   0  -1  -2   1   0   1   4  -2   0    1   0   8   8   8   0   0   8   0   8   8   8   0   0   8   8   8   8   0   8  0.13 0.13
  178 Q    -1   0   0  -1  -4   2   1   4  -1  -5  -4  -1  -4  -2   0   2  -1  -4  -1  -4    3   4   5   2   0  12  11  31   1   0   2   2   0   1   5  15   2   0   3   0  0.46 0.34
  179 F     0   0  -2  -2  -4  -2  -2   4  -3  -1  -3  -2  -3   2  -2  -1  -1  -4   2   0    6   6   2   2   0   2   2  40   0   3   2   2   0  11   2   3   4   0   8   6  0.53 0.37
  180 E    -1   1   2   1  -3   2   2  -1   1  -1  -1   0  -2  -1  -1   1   0   0   0  -1    5  10   9   7   0   9  13   4   3   3   6   2   0   3   2  10   4   2   4   4  0.13 0.16
  181 L    -3  -4  -4  -4   5  -2  -4  -5   0   2   2  -1   1   3  -1  -2   1   1   0   1    0   0   0   0  14   2   0   0   2  10  22   5   3  11   3   2   9   2   4  10  0.43 0.32
  182 S    -1   1   0  -1  -3   0   0  -1   1  -1  -2   1   0  -1  -1   2   2   1   0  -1    3   8   3   3   0   3   7   5   3   4   3   8   3   2   3  15  17   2   4   3  0.13 0.19
  183 G     0   0   1   2   1   0   0   1  -2  -1  -2   1  -2   0   0   1   0  -3   0  -2    8   4   6  14   3   4   6  12   0   4   4   8   0   4   3   9   6   0   3   0  0.11 0.13
  184 A     0   0   0   0   2   0   0   0  -2   0   0  -1   1   0   1   0   0  -2   1   0    6   6   6   6   6   6   6   6   0   6   6   0   6   6   6   6   6   0   6   6  0.03 0.09
  185 D     0   0   2   0  -2   1   2   1   1  -3  -4  -1  -1  -2  -2   2   0   3  -1  -3    6   5  10   5   1   5  16  10   3   1   0   2   1   2   1  19   6   5   3   0  0.27 0.24
  186 G    -2  -3  -2  -4   6   0  -4   6  -5  -6  -5  -2  -5  -5  -5  -1  -4   0  -5  -5    2   1   1   0  16   5   0  63   0   0   0   3   0   0   0   5   0   2   0   0  1.47 0.66
  187 I    -2   0  -2  -1  -3  -1   1  -2   0   2   0  -2  -1  -2  -3   0   2   2   1   2    1   6   1   2   0   2  10   2   3  14   8   1   1   1   0   7  13   4   4  19  0.18 0.21
  188 V    -2  -4  -5  -5  -3  -4  -4  -3  -4   4   2  -4   1   1   1  -4   0   1   0   2    3   0   0   0   0   0   0   2   0  33  21   0   3   7   8   0   5   2   3  13  0.59 0.37
  189 R    -1   2  -1  -1   1   2   1  -2   3  -2  -1   0  -1  -2  -3   1   1   0   1  -3    2  12   2   2   3   9  11   1   9   1   8   3   2   1   0  15   9   2   6   0  0.23 0.24
  190 S     0  -1  -1   0   1  -3  -3   0   0  -2  -3  -3  -3  -4  -1   5   2  -5  -4   0    6   4   2   4   3   0   0   7   2   2   2   0   0   0   2  47  10   0   0   6  0.58 0.45
  191 S    -2  -1   1  -1   1  -2   0  -4  -4  -1  -2   0   0  -4   6   1  -1   3  -4  -3    3   2   6   4   3   2   5   0   0   4   4   5   2   0  41  10   4   5   0   1  0.80 0.45
  192 Q    -1  -1   4   1  -1   1  -1   2   2  -3  -1   0   0  -3  -3   0  -1  -3   1  -2    3   3  23   6   1   8   2  15   5   0   7   6   2   0   0   6   4   0   5   3  0.28 0.24
  193 V    -2  -2  -4  -5   6  -2  -4   0   1  -2  -2  -3  -3   3  -2  -4  -4   7   6  -2    3   2   0   0  15   2   0   7   3   2   3   2   0  12   2   0   0  15  28   3  1.06 0.54
  194 E    -2  -2  -2   3  -5   0  -1  -3  -4  -5  -3   0  -1  -5   6   0  -1   1  -5  -3    3   2   1  16   0   5   4   1   0   0   2   5   2   0  44   7   3   2   0   2  0.98 0.52
  195 Q    -1   0   0   2  -3   1   0   2   0  -1  -1   0  -2  -1  -1   0   0   2  -1  -2    3   5   5  12   0   7   7  20   2   3   6   6   0   3   3   6   8   3   1   0  0.15 0.15
  196 E    -2   0   2   2  -3   0   2  -2   0  -3  -1   1  -1  -1   1   0   0  -3   2  -2    1   5  11  13   0   2  14   2   2   0   8   8   1   2   7   7   5   0   8   2  0.19 0.18
  197 E    -1   0  -3   0  -4  -3  -1   0   0   0   0  -1  -2   1  -1   0  -1  -2   6  -3    3   6   0   7   0   0   4   8   2   5   9   3   0   4   3   6   4   0  34   1  0.46 0.34
  198 K     0   0   0   2   1   0   0  -2   2  -2  -2   1  -2  -1   5   0  -1  -3  -1  -3    7   4   4  11   4   3   4   2   5   2   3   8   0   4  27   6   4   0   2   1  0.40 0.23
  199 T     0   1   1   1   2   1   1   0  -1  -1  -2   1  -2  -2   1   0   0  -2   1  -2    7   7   7   7   7   7   7   7   0   7   1   7   0   0   7   7   7   0   7   0  0.11 0.12
  200 K     0   1   0   0  -1   0   0  -1   0  -1  -1   1  -1   0   1   0   0  -1   2  -1    8   7   5   4   1   5   4   5   2   4   5  11   1   3   6   9   4   1  10   5  0.06 0.04
  201 P    -1  -1  -1   2  -1   0   0  -1  -1  -1  -1   0  -1  -1   2   0  -1  -1   3   0    5   3   2  16   1   4   4   5   1   3   6   6   1   2  10   6   4   1  13   8  0.14 0.07
  202 G     0   0   0   0   1   0   0   3   0  -2  -2  -1  -1  -2   1   1  -1  -1  -1  -1    8   5   3   4   4   3   6  26   2   2   4   4   1   2   6  10   3   1   2   5  0.17 0.08
  203 Q    -1   2   1   2   0   0   2  -2   1  -2  -1   0  -2  -2   1  -1  -1  -2  -1  -1    3  11   8  15   2   3  13   2   4   2   7   6   1   1   8   4   4   0   2   3  0.18 0.10
  204 A    -1  -2   4   1  -3   1   1   1  -1  -3  -2   0   0  -3   0   1   0  -4  -3  -2    3   1  21   8   0   6  11  12   1   1   4   4   3   1   4  14   5   0   0   2  0.30 0.22
  205 V     2   0  -2  -2   0   2   0  -2  -3   0   1   0   0  -3  -2   0   2  -4  -3   1   17   4   0   2   2  12   4   2   0   4  15   7   2   0   1   6  13   0   0   9  0.16 0.19
  206 D    -2   1   3   3  -4   0   2  -2   4  -2  -1   0  -3  -1  -3   0  -2  -4  -1  -2    2   7  17  15   0   3  16   2  10   2   6   3   0   2   0   8   2   0   2   3  0.37 0.27
  207 C    -5  -7  -7  -7  11  -7  -7  -6  -7  -5  -3  -7  -6  -6  -7  -5  -5  -6  -6  -5    0   0   0   0  93   0   0   0   0   0   3   0   0   0   0   0   0   0   0   0  4.07 1.27
  208 I    -1  -3   0  -1  -3  -1   1  -3   0   0   0  -1  -1  -3  -1   1   2  -4   0   3    2   0   5   2   0   2  11   1   3   6   7   2   1   0   2  12  15   0   4  25  0.24 0.24
  209 W    -4  -1  -6  -6  -6  -5  -6  -6  -2  -6  -4  -3  -5  -1  -3  -3  -5  12   4  -6    1   4   0   0   0   0   0   0   1   0   2   2   0   1   2   3   0  66  15   0  3.12 1.05
  210 T    -1   1  -1  -2  -3   0  -1  -1   3   0   1   0   0   1  -3  -1   2  -1   0   0    5   8   2   1   0   4   4   4   8   5  16   7   2   6   0   3  17   1   2   5  0.11 0.14
  211 I    -4  -5  -6  -6  -1  -3  -6  -6  -6   6   2  -5  -2   2  -5  -5  -4  -5  -4   2    0   0   0   0   1   1   0   0   0  57  18   0   0   9   0   0   0   0   0  10  1.33 0.58
  212 K    -1   3   0  -1  -2   2   2  -3   3  -2  -2   1  -2  -1  -1  -1   1  -4  -2   0    4  15   5   3   1  12  12   0  10   2   4   6   0   3   3   3   8   0   0   7  0.25 0.22
  213 A     3  -4  -3  -4   1  -3  -3   1  -4   0   0  -3   1  -3   0   0   0  -4  -3   3   30   0   0   0   3   0   0  11   0   4   8   0   4   0   5   5   4   0   0  24  0.41 0.30
  214 T    -2  -2   0   0  -5   1   2  -2   0  -4  -4   1  -4  -5   6   0   0  -5  -2  -4    3   2   3   5   0   6  11   3   2   0   2   8   0   0  38   6   7   0   1   1  0.78 0.41
  215 P    -1   0   1   1  -1  -2   3  -1  -2  -1  -3   1  -2  -4   4   0  -1  -4  -2  -3    4   4   7   6   1   0  19   4   1   4   2  10   1   0  24   8   3   0   1   1  0.46 0.29
  216 K    -1  -2   3   1   0  -2   0   5  -1  -5  -4   0   0  -4  -2  -1  -1  -4  -3  -4    5   1  13   8   2   1   6  43   2   0   1   7   3   0   1   2   3   0   1   0  0.66 0.36
  217 A    -1   2   1  -1  -2   1  -1  -2   2  -3  -1   1  -1   3  -3   0   0  -2   3  -2    5  12   6   2   1   7   3   2   7   0   4   8   1  12   0   9   5   0  12   2  0.24 0.20
  218 K    -1   4   0  -3   1  -1  -1   0   2   0  -1   1   0  -3  -2   0  -1  -2  -1   0    5  29   3   0   3   2   4   6   6   7   5   8   2   0   2   6   3   1   2   7  0.25 0.21
  219 I    -4  -5  -5  -5  -4  -5  -5  -2  -5   6   1  -5   0  -3  -5  -4  -3  -5  -4   4    1   0   0   0   0   0   0   4   0  48  13   0   2   0   0   1   0   0   0  28  1.20 0.53
  220 Y     0   2   0  -2  -1   1   1  -1   2   0   0   1   0   0  -1  -1   1  -3  -1   0    6  12   4   0   1   8   9   4   6   6  10   7   2   4   2   2   9   0   2   5  0.07 0.10
  221 L    -3  -4  -5  -5  -4  -4  -4  -5  -4   3   5  -4   1   2  -4  -4  -2  -4  -3   2    1   0   0   0   0   0   1   1   0  15  54   1   3   7   0   1   2   0   0  13  0.93 0.43
  222 R    -1   3   0   0  -2   2   0  -2   2  -2  -3   1  -1  -3  -3   1   2   0  -3  -1    4  16   5   5   1  11   6   1   5   2   2   7   1   0   0  10  16   2   0   6  0.26 0.22
  223 F    -3  -4  -5  -5  -5  -5  -5  -5  -4   2  -2  -5  -1   8  -5  -5  -4   1  -1  -1    2   1   0   0   0   0   1   1   0  13   3   1   2  68   0   1   1   2   0   5  1.88 0.71
  224 L    -2   1   1  -1  -4   2   3  -1   1  -2   0   0   0  -3   1  -1   0  -4  -1  -2    0   9   8   2   0   9  24   4   3   3  10   4   3   0   6   4   6   0   2   2  0.26 0.23
  225 D    -1  -1   1   5  -4   0   1  -2   1   0  -2  -1  -1   0  -1   0  -1  -4   0  -2    5   3   7  34   0   3   7   2   3   6   3   2   2   4   2   7   3   0   3   2  0.38 0.26
  226 Y    -4  -5  -5  -5  -5  -1  -5  -4  -2  -1   2  -3  -3   8  -5  -5  -4  -3   2  -2    1   0   0   0   0   3   1   2   1   4  17   2   0  60   0   1   0   0   6   2  1.53 0.62
  227 Q     0  -2   2   4  -4   1   2   0   1  -4  -3  -2  -1   0  -3   1  -2  -4  -1  -1    7   1   9  27   0   7  13   6   4   0   2   1   1   4   0  10   0   0   2   4  0.39 0.27
  228 M    -3  -4  -4  -5   3  -4  -4  -5  -4   3   4  -4   1   0  -4  -4   0  -4  -3   2    1   0   0   0   6   0   1   1   0  21  39   0   3   4   0   1   7   0   0  15  0.73 0.37
  229 E    -2   1  -3   1  -5   1   6  -3  -3  -4  -3   1  -4  -3   0  -2  -3   3  -4  -3    3   6   0   6   0   4  54   2   0   0   3   7   0   1   4   2   1   4   0   2  0.92 0.49
  230 H    -1   1   2   2   2  -1   0   1   2  -1  -3  -2  -2   1   2   0  -1  -3  -1  -2    4   8   9  12   5   1   7  12   5   3   1   1   1   7  11   5   4   0   1   3  0.18 0.16
  231 S     1  -1   0   2  -3   0   1  -1   3  -1  -1  -1  -1  -2   0   2   0  -3  -2  -2   10   3   4  10   0   3  12   4   9   3   5   3   2   1   3  18   6   0   0   1  0.19 0.17
  232 N     0   0   1   2  -3   1   1  -1   1  -2  -2   0  -1  -2   1   0   0  -3   0  -1    8   6   8  14   0   6  10   5   3   2   2   4   2   1   8   7   7   0   3   4  0.16 0.11
  233 E    -1  -1   2   2  -3   1   1   1  -1  -2  -2  -1   0  -1  -1   0   1  -2   1  -2    5   2  13  13   0   8   9  11   1   2   3   2   3   2   2   6  10   0   6   3  0.18 0.14
  234 C    -4  -5  -5  -5  11  -5  -5  -3  -5  -4  -4  -5  -4  -5  -5  -4  -4  -5  -5  -1    1   1   1   1  82   1   1   2   0   1   1   1   0   1   1   1   1   0   0   4  3.29 1.03
  235 K     1   1   0  -1  -3   1   1   1  -1  -1  -1   1  -1  -2   2   0   0   0  -1  -1   12  10   4   2   0   6   8   9   1   5   4   9   2   2   9   6   7   1   1   3  0.10 0.09
  236 R    -2  -1  -3  -3  -3  -1  -1   0   2  -3  -1   2   0   2  -3  -1  -3   3   6  -3    3   3   1   1   0   2   4   7   5   1   5  13   2   8   1   5   1   4  31   1  0.59 0.32
  237 N    -3  -4   1   7  -6  -4   0   0   0  -5  -6  -4  -5  -2  -4  -3  -4  -6  -5  -5    2   0   7  69   0   0   5   7   2   0   1   0   0   2   0   2   0   0   0   1  1.69 0.73
  238 F    -2   1  -4  -4  -4  -1  -4  -4   0  -2  -3  -2   0   3  -4   2  -2   5   6   0    3   8   0   0   0   3   0   1   2   2   1   2   3  11   0  15   1   9  33   7  0.89 0.49
  239 V    -3  -4  -5  -5  -4  -4  -5  -3  -5   2   4  -4  -1  -3  -5  -4  -1   2  -4   4    1   0   0   0   0   0   1   3   0   8  44   0   1   0   0   1   3   3   0  33  0.95 0.48
  240 A     0  -1  -2   0  -4   1   4  -3   0  -2  -1   1  -1  -3  -1  -1   2  -4  -1   0    6   2   1   3   0   5  34   1   2   2   6   7   1   1   3   3  13   0   2   6  0.37 0.29
  241 V    -3  -4  -4  -4   2  -4  -4  -3  -4   5   1  -4   1   0  -4  -4  -3  -4  -1   4    1   1   1   1   4   1   1   2   0  36  11   1   3   3   1   1   1   0   2  31  0.87 0.41
  242 Y    -2   3   1  -2  -4  -2  -1  -2  -1  -2  -1   1  -3   2  -3  -1  -1   3   5  -3    3  16   9   2   0   1   4   3   1   2   6  10   0   8   1   3   4   4  24   1  0.45 0.30
  243 D    -3  -3   2   6  -4   1   2  -1   1  -1  -2  -1  -4  -4  -3  -1  -1  -4  -2  -3    1   1   8  42   0   6  11   5   4   4   4   3   0   0   1   5   3   0   2   1  0.70 0.39
  244 G    -1  -3   0  -1   1  -1   0   5  -3  -2  -4  -2  -4  -1  -3   1  -1  -4  -4  -3    3   1   3   4   4   2   7  52   0   3   1   2   0   3   1   9   4   0   0   2  0.78 0.39
  245 S    -1  -2   0   3  -3  -1  -1   0   1  -1  -1  -2  -1   1   2   1  -1  -3   1  -2    5   2   4  18   0   2   2   6   5   4   6   1   1   6  11  15   4   0   5   2  0.19 0.18
  246 S    -1  -1   1   3  -4   1   1   1  -3  -3  -3   0  -3  -4   2   2   1   1  -3  -2    5   3   5  15   0   5  10   9   0   1   1   4   0   0   9  19   7   2   0   3  0.30 0.24
  247 A     1  -2  -1   2  -3  -1   1   0   0  -1  -1  -1  -1  -1   1   1   1  -3  -1  -1   14   1   2  11   0   1  10   8   2   4   6   2   1   4   6  13   9   0   1   4  0.11 0.13
  248 I     0   0   1   2  -3  -1  -1  -1  -1   0  -1   0  -1  -3   1   1   1  -3  -1   1    8   5   9  14   0   2   2   3   1   5   4   6   1   0   6   9  10   0   3  11  0.12 0.13
  249 E     1   0   1   0   0  -1   0   2   0  -2  -3  -1  -3  -2   0   2   0  -3  -3  -2   16   6   8   6   2   2   7  15   2   2   2   3   0   2   3  17   4   0   0   2  0.20 0.17
  250 N     0   2   2  -1   0   1  -2  -1   0  -2  -2   0  -2  -2   2   0   2  -4  -3  -1    6  11   9   3   2   6   1   5   3   2   4   6   1   2  13   8  16   0   0   3  0.21 0.19
  251 L    -2  -1  -2  -2   0   0  -1   0   0   1   2  -1   0   1  -2   0   0  -3   0   1    0   3   2   1   2   6   4   8   3   8  21   3   2   8   1   7   4   0   3  14  0.08 0.12
  252 K    -1   0  -2  -2   1  -2  -1  -1   0   2   2  -1   1   1  -1  -1  -1  -1   0   0    5   6   1   3   3   0   4   6   2  17  27   3   4   5   3   3   2   1   3   2  0.13 0.14
  253 A     2   1   0  -3  -1  -3  -1   5   0  -3  -4  -1  -4  -4  -3  -1  -1  -4  -1  -3   16   8   4   1   1   0   4  47   3   1   2   3   0   0   1   2   4   0   2   1  0.72 0.38
  254 K    -1   4  -1  -3  -2   2  -1  -3   0  -2  -2   3   0  -1   1   0  -1  -4  -1  -2    5  26   2   0   1   8   4   2   3   2   2  18   3   2   8   5   4   0   3   2  0.40 0.29
  255 F    -4  -5  -5  -1   3  -2  -5  -3  -3  -1   1  -5   0   5  -5  -4  -1   3   6   0    0   0   0   3   5   2   0   2   0   3  13   0   2  28   0   0   5   3  26   5  0.92 0.48
  256 C    -5  -4  -2  -2  11  -7  -4  -4  -3  -6  -5  -7  -3  -1  -7   0  -1  -7  -3  -6    0   1   2   3  75   0   1   1   1   0   1   0   1   3   0   7   3   0   1   0  2.91 1.10
  257 S    -3  -5   1  -2  -1  -5  -3   6  -5  -6  -6  -2  -6  -5  -5   1  -5  -5   3  -6    1   0   6   2   1   0   1  66   0   0   0   3   0   0   0   9   0   0   9   0  1.47 0.70
  258 T    -1   0   2   1  -4   2   1   1   1  -3  -2  -1  -2  -1   1   1   0  -3   0  -3    4   6  10   8   0  10   9   9   4   0   3   2   1   3   6  14   6   0   4   1  0.19 0.18
  259 V    -1   2   0   0  -3   0   1   0   1   0  -1   0  -1  -1  -1   0   1  -3  -1   0    2  12   3   4   0   5   8   9   5   6   6   6   1   2   3   8  11   0   2   7  0.07 0.10
  260 A     0   0  -1  -4  -4   0  -2  -1   0  -1  -1  -1  -1   0   5   0   0  -5  -2  -2    8   4   3   0   0   5   2   4   3   3   6   4   2   4  34   8   7   0   1   3  0.53 0.34
  261 N    -1  -1   2  -2  -4   2   0  -1  -1  -1  -2   0  -1  -2   6  -1  -1  -5  -4  -1    3   3  10   2   0   9   5   5   2   4   3   5   1   2  37   4   2   0   0   4  0.67 0.40
  262 D     0   0  -1   1   1   1   1  -1   0  -1  -2  -1  -2   0   3   1   0  -4  -3  -1    7   5   2  10   3   5   9   4   2   4   2   3   0   6  18   9   7   0   0   4  0.22 0.19
  263 V    -2  -1  -2  -1  -3  -2  -1  -2   0   2   0  -2  -1   4   1   0  -1  -3   1   1    1   4   2   4   0   2   4   2   2  14   9   2   0  21   6  10   2   0   4  12  0.21 0.22
  264 M    -2   0  -1  -2  -3  -1   0  -4  -3   2   1  -1   2   2  -3  -1   1  -3  -1   1    1   6   3   2   0   3   8   0   0  15  14   3   5  12   0   4  10   0   2  11  0.17 0.18
  265 L    -1   0  -2  -3   3  -1  -2  -3   0   0   0  -1  -1  -1  -2   3   2  -4  -3   2    3   4   1   0   6   2   1   1   3   3  10   3   1   2   1  27  13   0   0  17  0.29 0.30
  266 K     0   0   0  -1  -2   1  -1  -3  -2  -3  -3   0  -4  -5  -1   5   1  -5  -4  -4    6   5   3   4   1   5   4   1   1   1   2   5   0   0   3  53   7   0   0   0  0.72 0.50
  267 T     0  -1   0  -1  -3   0  -2   0  -1  -3  -2  -3   2  -2  -3   4   3  -4  -2  -3    5   3   4   3   0   5   1   7   1   1   3   0   5   1   0  38  21   0   1   1  0.54 0.42
  268 G    -1  -2   4   1  -4  -3  -2   3   1  -3  -4  -1  -4  -4   0   1   0  -5  -4  -2    5   2  25   6   0   0   2  27   4   2   1   3   0   0   5  10   5   0   0   3  0.54 0.36
  269 V     0   0   2   0   0   1   0  -1   2   0   0   0  -1  -1  -2   0   0  -3   0   0    5   6  12   6   3   8   5   4   6   5  10   5   0   2   1   4   6   0   3   9  0.05 0.09
  270 G     1  -3  -3   0   4  -2  -1  -2  -3   1   2  -2   4  -1  -1  -1  -1  -4  -3   1   11   0   0   5  11   1   3   3   0   7  18   2  14   2   2   3   2   0   0  12  0.28 0.24
  271 V    -1   0  -2  -1  -3  -2  -1  -1   1   1   1  -2   1   0  -3  -1   2   5  -2   1    5   6   1   3   0   1   3   5   4  11  14   2   4   4   0   4  17   9   0   8  0.19 0.20
  272 I    -3  -3  -1  -5  -3  -4  -4  -5  -5   5   2  -4   1  -1  -1  -3  -2  -4  -3   4    0   2   3   0   0   0   0   0   0  35  20   0   4   2   3   2   2   0   0  26  0.78 0.43
  273 R    -2   1  -1  -2  -3   1   0  -3   1   2   0   2  -1  -1  -1  -1   1  -3   0   1    2   8   2   0   0   9   6   0   4  14  10  13   0   2   3   5  10   0   3  10  0.15 0.19
  274 M    -5  -5  -5  -6  -5  -1  -5  -2  -1   1   1  -5   0   7  -6  -2  -1   1   3  -3    0   0   0   0   0   3   0   3   1   7  11   0   2  56   0   4   3   2   7   0  1.33 0.64
  275 W    -2   0  -1  -3   1   3  -2  -4   5  -2  -2   0  -1   2  -2   0   0   6   0   0    1   5   3   1   3  13   1   0  15   2   3   5   2  10   2   7   5  13   1   8  0.47 0.32
  276 A     1   3  -2  -3   1  -1  -3  -3  -1  -2  -4  -1  -3  -4  -1   4   3  -4  -4  -3    9  15   0   0   3   2   1   1   1   3   1   2   0   0   2  37  22   0   0   1  0.66 0.43
  277 D    -2  -2   0   6   3  -1   0  -2  -2  -3  -5  -2  -4  -5  -2   1  -2  -5  -4  -3    2   2   4  56   6   2   4   3   1   1   1   2   0   0   2   8   2   0   0   2  1.06 0.51
  278 E     0   0   0   3  -3   0   2   1   0  -2  -2  -1  -1   0   0   1  -1  -3   0  -3    6   5   3  17   0   3  15  12   3   3   5   1   2   5   4   9   3   0   4   0  0.17 0.16
  279 G     0   0   1   0   0  -2  -1   1   1  -2  -2   0  -1  -3   0   3   0  -1   1  -2    8   6   8   4   2   0   2  12   3   2   4   5   2   0   4  26   4   1   6   2  0.19 0.20
  280 S     0  -1   1   1  -2   0   0   1   1   1   0  -1  -1   0  -2   1   0  -3   0   1    6   2   6   8   0   3   4  11   4   9   7   3   1   3   0  10   3   0   3  16  0.05 0.09
  281 R     0   0   3   1   2   1   1  -1  -1  -4  -3  -1  -3  -4   0   2   1  -4  -3  -3    8   5  17   7   4   7   8   3   1   0   2   2   0   0   5  16  11   0   0   1  0.31 0.25
  282 L     1   1   0   2   1  -1   0   2  -1  -3  -2   1  -2  -1  -1   0  -1  -3  -1  -2   14   7   4  15   4   2   4  15   1   0   5  12   0   3   3   6   2   0   3   2  0.16 0.15
  283 S    -1   2  -1   1   3   2  -1  -1  -2  -2  -2   2  -3  -4   2   1   1  -4  -3  -2    4  13   2   7   7   9   2   5   0   2   4  12   0   0   9  12  10   0   0   2  0.24 0.21
  284 R    -2   0  -3   0  -5  -4  -4   6  -5  -5  -3  -4  -5  -5   0   0  -4  -5  -5  -3    2   5   0   4   0   0   0  70   0   0   3   0   0   0   4   6   0   0   0   2  1.41 0.63
  285 F    -5  -5  -5  -1  -5  -5  -5  -5   0  -3   0  -5  -3   8  -2  -5  -3   5   1  -2    1   0   0   5   0   0   0   1   2   0   7   0   0  64   2   0   2   7   4   3  1.70 0.69
  286 R     0   2   1   0   1   2   0  -3   1   0  -1   1   0  -1  -3   1  -1  -3   0  -1    6  12   7   6   3  10   3   0   5   6   6  11   2   3   0  11   0   0   4   4  0.12 0.14
  287 M     2  -3  -3   0  -3  -3  -1   0  -3   2   1  -3   2   0  -3   0  -2  -4  -3   1   25   0   0   5   0   0   5   6   0  16  14   0   6   5   0   7   0   0   0  10  0.25 0.22
  288 L    -1   1   1   0  -3   0   1  -2   2  -1  -1   0  -2   0   0   1   0   2   1  -1    4  10   7   6   0   4  12   1   7   4   7   4   0   3   4  10   6   3   5   4  0.11 0.11
  289 F    -1  -3  -3  -3  -3  -3   0  -4  -1   0   0  -3  -2   4  -4  -1  -2   3   6   1    5   0   0   0   0   0   6   1   0   5   8   0   0  19   0   6   0   4  35   9  0.65 0.33
  290 T     0   0   0  -2  -3   1   0   0   2   0  -1   0  -1   1  -2   0   0   4   1   0    6   6   6   0   0   6   6   6   6   6   6   6   0   6   0   6   6   6   6   6  0.08 0.11
  291 S     0  -1   1  -2   2   1   0   0   2   0  -1   0  -1   0   1   0   0  -3  -1   0    7   0   7   0   6   7   7   7   6   7   7   7   0   6   7   7   7   0   0   7  0.05 0.10
  292 F     0   0   0   0   2   0   0   0  -2   0  -1  -1  -1   1   1   0   0   3   1   0    6   6   6   6   6   6   6   6   0   6   6   0   0   6   6   6   6   6   6   6  0.07 0.11
  293 V     0   0   0   0   2   1   0   0   1   0  -1   0   1  -2   1   0   0  -3   1   0    6   6   5   6   5   5   6   6   5   6   6   6   5   0   6   6   6   0   5   6  0.04 0.08
  294 E     0   0   0   0   1   1   1  -2   2   0   0   0   0  -1   0   0  -1   2   0  -1    6   5   3   6   3   5  11   3   5   7   9   7   3   3   4   6   3   3   3   4  0.05 0.06
  295 P     0   1   1   1  -3   1   1   0   2  -3  -2   1   1  -3   1   0   0   4  -2  -2    7   7   7   7   0   7   7   7   7   0   1   7   7   0   7   7   7   7   0   0  0.19 0.17
  296 P     0   0   0   0   2   1   0   0  -1  -2  -1   0   1   0   1   0   0  -2   1   0    6   6   6   6   6   6   6   6   0   0   6   6   6   6   6   6   6   0   6   6  0.05 0.09
  297 C     0   0   0  -2   2   1   0   0  -2   0  -1  -1  -1  -2   1   0   0   4   1   0    7   7   7   0   6   7   7   7   0   7   7   0   0   0   7   7   7   6   6   7  0.09 0.13
  298 T    -1   0   0  -1   4   1  -1  -1   0  -2  -1  -1  -3   0   2   2   1   0   0  -2    4   5   4   3  11   6   4   4   2   2   5   3   0   4  10  16   9   1   4   2  0.20 0.23
  299 S     0  -1   0   1  -1  -1  -1   1   1  -3  -3   0  -1  -4   4   1   0   0  -2  -3    9   3   4   8   2   2   4   9   3   2   2   5   1   0  24  12   6   2   2   2  0.38 0.31
  300 S    -1  -1   2   3  -4   0   0   1   1  -3  -3  -1  -4   0   2   1   0   0  -1  -4    4   3  10  20   0   3   5   9   3   1   2   2   0   4  11  10   6   2   2   0  0.30 0.28
  301 T    -1  -1   2   1   0   2   2   0   2  -4  -2  -1  -1  -1   1   1   1  -4  -1  -3    3   3  10   6   2   8  15   9   5   0   3   2   1   3   7  11   8   0   2   0  0.22 0.24
  302 F    -1  -4  -2  -1   2  -2  -3   1  -4   0   0  -4  -3   6  -2  -2  -2   2   2  -2    4   0   2   4   4   2   2  13   0   6   7   0   0  37   3   3   2   3   6   2  0.65 0.43
  303 F     0   1  -1  -1  -3   2   0   1   1  -3  -1   0   0   1   1   1   1  -3  -2  -1    9   7   1   2   0   9   4  13   4   0   5   5   3   8   6  10  10   0   0   4  0.12 0.17
  304 C    -3  -5  -2  -5  10  -5  -5  -1  -1   0  -4  -2  -4  -1   0  -1  -1  -5  -5   0    2   0   2   0  58   0   1   5   2   5   1   3   0   3   5   4   4   0   0   6  1.91 0.81
  305 H    -1   0   2   0   2   1   1   1   3  -3  -3   0  -3  -4   0   1   0  -4  -2  -2    4   6  10   4   6   8   8  13  10   0   3   5   0   0   5   9   7   0   1   2  0.23 0.21
  306 S    -1  -3   3   1  -4   0   0   0  -1  -1  -4  -1  -2  -4   0   3   1  -4  -2  -2    2   0  16   8   0   4   6   7   2   4   1   2   1   0   5  28   9   0   1   2  0.38 0.32
  307 N    -2   0   1   0   1  -2   0   4   4  -2  -2  -1  -3  -2  -2   0  -2  -4  -3  -3    2   5   7   6   3   1   6  38  10   3   4   2   0   2   2   6   2   0   0   2  0.50 0.33
  308 M    -1   4   0  -3  -1   0   0  -1   2  -1  -1   0   1   0  -3  -1   1  -3   0  -1    5  24   4   0   1   3   6   4   5   3   7   5   5   5   0   3  10   0   4   4  0.20 0.22
  309 C    -2  -5  -5  -5  10  -2  -5  -5   0  -1  -2  -5  -4   0  -5   0   0  -5   0  -1    2   0   0   0  59   2   0   0   3   3   4   0   0   4   0   7   6   0   4   4  1.97 0.83
  310 I    -2   0  -1  -3  -3   0  -2   0   0   4   1  -2  -1  -2  -2  -1  -2  -3   0   2    2   5   4   0   0   5   1   8   3  26  13   2   0   0   1   5   0   0   4  19  0.27 0.25
  311 N    -3   0   4   1  -4  -1   0   0   2  -4  -2  -1  -2   1   3   0   0  -4  -3  -2    1   4  24   9   0   2   6   7   5   0   3   3   1   6  15   7   4   0   0   2  0.40 0.30
  312 N    -1   0   1   0  -4   0   1   4  -3  -2  -1   1  -1  -4  -1   0  -2  -4  -2  -2    2   4   6   5   0   4  11  31   0   3   6   9   1   0   3   8   1   0   1   3  0.30 0.24
  313 S     1   0   1  -1  -3   1   1   1   0  -3  -2   0  -3  -2   0   3   1  -4  -1  -2    9   5   6   3   0   6   9   9   3   1   3   4   0   2   4  27   7   0   2   2  0.23 0.23
  314 L    -2  -2   0  -4  -1   0  -4   1  -3  -1   1  -2  -3   2  -4  -1  -2   8   5  -1    3   2   5   0   1   5   1  10   0   4  12   2   0   8   0   4   2  20  18   3  0.68 0.40
  315 V     0   2  -2  -3  -1   1  -1  -2  -2   0   1   1   0   1  -1  -1  -1  -3   0   2    6  16   0   0   1   6   4   3   1   3  13  10   2   7   2   3   3   0   3  16  0.13 0.17
  316 C    -1  -5  -5  -5  10  -5  -5  -2  -2   1  -3  -5  -4  -2  -2  -3  -2  -5  -5  -2    4   0   0   0  65   0   1   4   1   8   3   0   0   2   3   2   3   0   0   2  2.24 0.87
  317 N    -1  -3   2   5  -4   1   2  -3  -3  -3  -3  -2  -1  -4  -2   2   0  -5  -4  -3    5   0  12  33   0   6  13   1   0   2   2   0   2   0   2  15   5   0   0   1  0.65 0.41
  318 G     0  -3   0  -4   7  -3  -2   4  -1  -2  -3  -3  -1  -4  -2   1   0  -4  -4  -4    6   1   4   0  23   0   3  35   1   2   3   1   1   0   2   8   6   0   0   1  0.84 0.45
  319 V    -1   0   0   1  -3   0   0   0  -1   0  -1  -1   1   0   0   0  -1   4   1   1    5   6   5  10   0   5   5   6   1   5   4   1   5   4   4   8   2   7   4  12  0.08 0.11
  320 Q    -1   0   3   1  -3   1   0  -3   1  -2  -2  -1  -3   0   3  -1  -1   3   0  -1    5   5  16   9   0   6   4   1   4   2   3   3   0   4  17   4   2   5   3   6  0.31 0.24
  321 N    -2  -2   1   5  -5  -2   2   2   3  -2  -2  -3  -4  -4  -1  -2  -2  -5   0  -1    1   1   6  31   0   1  16  16   7   2   4   0   0   0   3   2   2   0   3   4  0.54 0.37
  322 C    -4  -3  -5  -6  10  -5  -4  -3  -2  -5  -2  -6  -5   1   0  -2  -3   0   4  -5    0   1   0   0  59   0   2   2   1   0   4   0   0   5   5   4   2   1  13   0  2.11 0.87
  323 A     0  -1   0   1  -3  -1   2   0   0  -1  -2  -1  -1   0   1   0   2   0  -2   0    7   2   3   8   0   1  17   8   2   3   3   3   1   5   7   5  16   1   1   6  0.14 0.17
  324 Y    -4  -4   2   5  -5   0   0  -3  -1  -4   1  -2  -3  -4   1  -1  -1   1  -1  -3    0   0   8  40   0   4   5   2   1   0  17   1   0   0   7   4   4   2   2   1  0.66 0.44
  325 P     0  -2   0   0  -4   0  -2   3   3  -2  -2  -1  -3  -1   1   0  -1   0   2  -2    7   1   5   6   0   5   1  26   8   3   4   4   0   1   7   7   2   1   9   2  0.27 0.23
  326 W    -1  -1  -1  -1   1  -3   0  -2  -3  -3  -1  -1  -3   1   0   4   0   6   1  -4    3   3   2   3   2   0   7   2   0   2   5   3   0   5   5  38   5  10   4   0  0.52 0.41
  327 D    -4  -4   2   6   0  -3   1  -2  -4  -2  -4   0  -5  -1  -4  -1  -2   1  -5  -2    0   0  11  54   3   0   6   3   0   3   2   5   0   3   0   3   1   2   0   3  1.06 0.57
  328 E    -3  -1   0   1  -4   0   4   0   1  -1  -1   1   1  -4   1  -1  -1   1  -3  -3    1   2   3   6   0   2  38   8   3   4   7   7   4   0   6   4   3   2   0   0  0.44 0.34
  329 N     0   1   2   0  -3   1   1  -1   2  -1  -1   1  -1  -3   0  -1   1  -1  -2  -1    8  10  10   4   0   5  12   3   7   5   6   8   1   0   4   3  10   1   0   2  0.14 0.14
  330 H    -1  -1   4   3  -4   1   0  -1   3  -1  -3  -1  -3  -1  -3   0   0  -4   0  -3    4   2  26  17   0   5   5   4   7   4   3   2   0   2   0   8   6   0   3   1  0.41 0.30
  331 C    -1  -2  -4   0  10  -4  -5  -2  -5  -2  -3  -5  -4  -3  -2  -1   0  -5  -5  -4    4   2   0   5  63   0   1   4   0   2   2   1   0   1   2   5   6   0   0   1  2.08 0.79
  332 K     0   1   0   0  -3   2   2   0   1  -3  -2   2  -2  -3   1   1   0  -3  -2  -2    6   7   2   5   0  10  14   7   4   1   4  13   0   1   7   9   6   0   1   3  0.20 0.16
  333 E    -1   0   1   2  -3   0   2  -2  -1  -2  -3   1  -1  -3   3   0   0   0  -3   1    5   4   7  10   0   3  12   3   1   1   1   9   1   1  18   7   4   2   0  11  0.29 0.21
  334 K     0  -1   2  -1   4  -1   0   0   0  -1  -2   0  -1  -3   0   1   1  -3  -2   0    8   2  11   3  13   2   8   8   2   2   3   5   2   0   5   9  10   0   1   7  0.15 0.15
  335 K     0   1  -1  -3   7   1  -1   1  -2  -1  -3   0  -3  -2   0  -2   0  -3  -3  -1    9   9   2   1  28   6   4  11   1   3   1   7   0   2   6   2   5   0   0   3  0.52 0.31
  336 K    -1   1  -1   1   0   2   2  -2   0  -3  -2   1  -3  -2   3   1   0  -4  -3  -2    2   7   1   6   3   9  18   1   2   1   3  10   0   1  13  15   5   0   0   2  0.32 0.24
  337 A     3  -2  -1  -2   1  -1  -2   0  -3  -2   0  -2  -1  -3   1   1  -1  -3   0   1   33   1   3   1   4   3   1   8   0   1   8   1   1   0   7   8   3   0   4  13  0.26 0.24
  338 G     0  -2   2  -1  -3   0   0   2  -2  -1  -1  -1   1  -3   2   1   0  -3  -2   0    9   1  12   1   0   3   8  16   0   4   6   1   5   0   9  14   3   0   1   6  0.17 0.16
  339 L    -2  -4  -2  -5  10  -3  -5   0   0  -1   0  -2  -3  -4  -2  -2  -3  -4  -4  -2    2   1   2   1  60   1   1   7   2   3  11   2   0   0   2   3   1   0   0   2  1.80 0.69
  340 F    -1   0  -2  -3  -4  -2  -1   5   0  -3  -1  -2   0   1  -1   0  -2  -3   1  -3    4   5   1   0   0   1   5  44   2   1   6   1   3   6   3   9   2   0   6   0  0.50 0.32
  341 E    -2   0   0   1  -4   0   0   4   3  -4  -2   0  -3  -1  -2   0  -1  -3  -1  -4    1   4   4   9   0   4   5  37   8   0   5   5   0   3   2   6   4   0   2   0  0.41 0.27
  342 Q     0   1   1   0  -3   2   1  -1   1  -2  -1   1  -2   2  -1   0  -1  -3  -1  -1    6   9   9   3   0   9  11   3   4   2   5  11   0  11   2   5   3   0   0   4  0.13 0.14
  343 I    -1  -2  -4  -4   2  -2  -2  -4  -3   3   3  -2   0   3  -1  -3  -1  -3  -1   1    4   1   0   0   5   2   3   1   0  21  29   2   1  12   3   1   4   0   1   9  0.35 0.24
  344 T     0  -3  -1  -2   3  -1  -2  -2   1  -1  -2   0  -2   0  -2   2   4  -4  -2   0    5   0   2   1   7   3   2   1   4   4   3   6   0   4   1  17  34   0   1   6  0.38 0.33
  345 K     1   0   0   0   1   2   1   2  -2  -3  -2   1   0  -3  -2   1   0  -4  -3  -1   15   6   2   6   4  10  10  16   0   0   3   9   2   0   0   9   4   0   0   3  0.20 0.18
  346 T     0   0  -1  -3   0  -1  -2   0  -1   0   1  -2   1  -1   3   0   0   1  -1   0    6   7   3   0   2   3   1   8   2   5  15   0   4   1  17   9   6   2   1   7  0.17 0.16
  347 H     1  -1   2  -2  -1  -1   0   0   2  -1  -2  -2  -2  -2   1   2   1  -4  -1  -1   11   3  13   0   1   1   7   7   6   3   4   0   0   2   7  23   7   0   2   3  0.22 0.23
  348 G    -1  -4   0  -1  -5  -3  -1   6  -2  -5  -5  -1  -5  -5  -4   0  -1   1  -5  -3    3   0   4   3   0   0   4  66   1   0   0   4   0   0   0   6   3   2   0   2  1.18 0.55
  349 T     0   0  -2  -1  -3  -1   0  -2   0  -1   0  -1  -2   0  -2   2   3  -3  -1   1    5   6   0   3   0   1   8   2   2   2   9   2   0   5   1  16  22   0   2  14  0.16 0.21
  350 I    -1  -4  -4  -2   2  -3  -2  -4  -4   5   1  -3  -1   2  -1  -2  -2   1   0   2    5   0   0   2   5   0   3   0   0  38  10   0   0  11   4   3   0   2   3  11  0.47 0.30
  351 I    -1  -2  -1  -1   1  -1   0  -2   1   1   1  -1   0   1   1   0   0  -2   0   1    4   1   3   2   3   2   5   2   4  13  17   4   0   8   6   7   7   0   2   9  0.05 0.07
  352 G     0  -1   0   0   0  -1  -1   4   0  -2  -2   0  -2  -2   0   1  -1  -2   0  -2    5   4   4   5   2   2   3  32   2   2   3   7   1   1   5  13   2   1   4   2  0.25 0.12
  353 I     0   0  -1  -1   2   0   0   0  -1   0  -1  -1  -1  -1   3   0  -1  -2   0   1    7   6   3   2   6   3   5   8   2   7   4   3   1   1  14   4   3   0   5  13  0.11 0.07
  354 T    -1  -1   0  -2   1   0  -1   1   1  -1  -2  -1  -1   0  -1   1   2   2   2  -1    3   3   3   1   3   5   2  11   4   5   2   2   1   3   3  15  19   3   8   3  0.15 0.14
  355 S     1  -1   0  -1  -2  -1  -1   0  -2  -1  -2  -1  -2  -2   4   1   0  -2  -2   0   16   3   4   2   1   3   4   6   1   3   3   3   1   1  25  13   4   0   1   8  0.34 0.16
  356 G     0   1   1   0   4   0  -1   3  -1  -2  -1   0  -2  -2   0   0  -1  -2  -1  -2    6   8   6   5  10   3   2  24   1   2   5   6   1   1   4   7   4   0   3   2  0.19 0.11
  357 I    -2  -2  -1  -2   1  -2  -1  -1  -2   1   0  -1   0   1   0  -1  -1   7   3   0    2   2   3   2   3   1   3   5   1  12   9   4   3   7   5   4   2  16  10   5  0.32 0.16
  358 V    -1  -2  -1  -2  -2  -1  -1   1   0   1  -1  -1  -1   1   4  -1   0   1  -1   0    2   2   3   2   1   1   3  13   2   9   5   4   1   7  25   4   6   2   1   6  0.29 0.14
  359 L     0  -1  -1   0   0   0   0   1  -1   0  -1   1  -1   0   1   0   1   1   0   0    4   2   1   3   3   4   7  12   1   7   4  11   1   5   6   6  11   3   3   6  0.05 0.05
  360 V     1  -1   1   0   0   0   0  -1   0   0   0   0  -1   0   0   1   0  -2  -1   0   11   2   8   7   2   1   6   4   3   7   8   5   1   4   3  12   5   0   1   7  0.03 0.03
  361 L    -1   0  -1   0  -2   0   0  -1   1   1   0  -1   0   2  -1  -1   0  -1   3   0    3   5   2   6   1   3   5   6   3   9  12   2   3   9   2   4   6   0  13   7  0.05 0.06
  362 L     0   0  -1  -1   0  -1  -1  -1   0   0   1   0  -1  -1   3   1   0  -2   0   1    4   4   2   2   2   1   2   5   2   6  14   5   1   3  15  13   5   0   4  10  0.11 0.07
  363 I     0   0   0   0   2  -1  -1   0  -1   0   0   0  -1   1   2   0   0  -1   0   0    5   4   5   6   6   1   4   7   2  10   6   5   1   7   9   6   5   0   4   6  0.04 0.03
  364 I    -1  -1   2   0   0  -1  -1   0  -1   0  -1   0   1   1   0   0  -1  -1   1   0    3   3  13   6   3   1   2   7   1   8   5   6   6   8   5   7   2   0   7   5  0.04 0.06
  365 S    -1  -1   0   0   3   0   0   1  -1  -2  -1   1  -1  -1  -1   2   0  -2   0  -1    3   2   4   6   7   5   5  10   1   2   5  11   1   3   2  22   5   0   4   4  0.11 0.09
  366 I     0  -1   3   1  -2   1   0   0  -1   0  -1  -1  -1  -2   0   1   0  -2  -2   0    8   2  17   7   1   6   6   5   1   7   7   2   1   1   5  13   4   0   1   7  0.10 0.08
  367 L    -1  -1   0  -2   6  -1  -2   0  -2   1   0  -2  -1  -1   0   0   0  -2   0   0    3   4   4   2  24   2   2   8   1   9  11   2   1   1   4   6   5   0   4   8  0.27 0.14
  368 V     0  -1  -1  -1  -1   1  -1  -1  -1   2   0  -1   0   0  -1   1   0  -2  -1   2    5   2   2   2   1   9   2   5   1  13   5   3   1   4   2  11   6   0   1  24  0.10 0.09
  369 Q    -1   0  -1   1   2   2   1  -1  -1  -1   0  -1   0   0  -1  -1   0   1   1  -1    3   6   2  12   6  12   8   5   1   2  10   2   2   4   2   3   7   2   7   5  0.06 0.06
  370 V     0   0   0  -1   1   0  -1  -1  -1   2   0   0   1  -1   0  -1   0  -1  -1   2    7   6   4   2   4   4   3   3   1  16   6   5   3   2   4   3   8   1   1  18  0.05 0.05
  371 K     0   0   1   1   1   0   0  -1  -1   0   0   0   0   1  -1   0   0  -1  -1   0    6   5   8  11   4   5   5   5   1   4  11   6   1   8   2   5   7   1   1   6  0.02 0.02
  372 Q     0  -1   1   0   0   1   1   0   1  -1  -1   0   0  -1   0   1   0  -1   1  -1    8   2   6   4   3   8   9   6   4   2   3   5   2   1   4  13   7   0   6   6  0.07 0.05
  373 P     0  -2   0   0   3  -1  -1   0  -2  -1  -1  -1  -1   1   4   0  -1  -2  -1   0    9   2   4   5   7   1   2   8   1   3   7   2   1   9  25   5   2   0   1   6  0.30 0.13
  374 R     0   1   3   2  -3   1   1  -2  -1  -2  -1   1  -2  -3  -2   2   1  -3  -2  -2    5  10  16  10   0   6  10   1   0   3   6   8   0   0   0  17   7   0   0   1  0.23 0.15
  375 K     0  -1   1  -1  -3   3   2  -2  -1  -3  -3   1   2  -3  -2   3   0  -3   0  -3    6   0   9   0   0  15  14   1   0   0   1  10   7   0   0  28   4   0   4   0  0.35 0.25
  376 K    -1   0  -2  -1  -3  -2  -1  -2  -1  -1  -1   1   0   1   4   0  -2  -2   4  -2    4   4   0   4   0   0   3   3   0   5   4  13   3   4  23   6   0   0  22   0  0.42 0.24
  377 V    -1   2   2   0  -3   0   1   1   2  -1  -2  -1  -2   0  -2   0  -1  -2   1   0    3  16  13   3   0   3  10  14   5   3   1   0   0   5   0   7   0   0   6   8  0.15 0.14
  378 M    -1  -3  -3  -4   2  -3  -3  -1  -2   2   0  -3   1   2   0  -2  -1   5   5   0    4   0   0   0   4   0   0   4   0  18   7   0   5   6   5   3   3  10  23   6  0.46 0.28
  379 A    -1  -1   0  -1   3  -1  -1  -1   0  -1   0  -2  -2  -3   5   0  -1  -4  -3  -1    4   4   4   3   7   2   4   4   3   3   9   0   0   0  37   7   4   0   0   3  0.58 0.29
  380 C    -2   1   0   0   5   0   1   1   1  -2   0   0   1  -2   0  -1  -2  -3   0  -2    1   9   6   4  15   5   9  14   4   0  10   4   5   0   5   3   0   0   4   2  0.18 0.17
  381 K    -1  -1   1   2   1   2   1  -2   1  -3  -3   1   0  -1   2   0   0   2   1  -3    3   2   6  13   4   9  11   1   4   0   1  12   4   2   9   6   4   3   5   0  0.21 0.17
  382 T    -2   0  -2  -3   4   2  -1  -3   1  -3  -3  -2   1  -1  -3   0  -1  -1   7  -3    1   5   1   1  10   9   4   1   3   1   1   1   4   1   1   8   4   0  42   1  0.79 0.39
  383 A     0  -2   0   1   3  -2   0  -2  -1  -1  -3  -1  -2  -3   5   0  -2  -3  -3   0    7   1   5  10   7   1   6   2   2   5   1   4   0   1  33   6   1   0   1   8  0.54 0.25
  384 F    -1   1   0   0  -3  -1   0   0   1   0  -1   1  -1   2   0  -1  -1   4   2  -1    2  10   5   6   0   0   4   7   4   7   3   9   0  13   6   4   2   7   6   4  0.13 0.12
  385 N    -1  -1   5   2   0   0   0   0   1  -3  -1  -2  -2   0  -3   0  -2  -3  -2  -1    4   2  34  11   2   4   6   7   4   1   6   1   0   5   1   6   1   0   0   5  0.36 0.25
  386 K     1  -1  -1  -2  -2   1  -1  -1  -2  -1   1   1   1   0   0   2   0  -3  -2  -1   14   2   0   1   0   6   2   5   0   4  14  11   4   4   3  20   6   0   0   3  0.11 0.14
  387 T    -1   2   3   0  -3   0   0  -2   0  -3  -2   1  -2   1   0   0   2  -3   1  -2    3  13  17   5   0   2   4   1   2   1   4  11   0   6   4   4  17   0   6   1  0.23 0.19
  388 G    -1  -3   0  -1   8  -3  -2   2  -4   0  -3  -1  -3  -4  -3  -2   0  -4  -4   0    3   1   4   3  44   0   3  15   0   5   1   5   0   0   1   1   4   0   0   9  1.02 0.43
  389 F    -1   0   1  -1   0  -1   0  -2  -1   0   1  -1   0   1  -2   0   1  -2   0   1    3   6   7   2   3   0   7   1   2   5  15   1   3   6   1  10  14   0   3  14  0.07 0.11
  390 Q    -3  -1   0  -1  -4   2   0  -4  -2  -1  -2  -3  -3   0  -4  -3   0   9   5  -2    1   3   4   4   0   9   6   1   0   4   3   0   0   2   0   1   6  35  19   2  1.22 0.50
  391 E    -2  -1   1   1  -3   2   3  -2   2  -3  -2   0  -2  -2   0   1   1   1   1  -1    1   1   6   6   0  11  22   2   5   1   5   6   0   0   3  11  10   2   5   3  0.24 0.19
  392 V    -2  -3  -3   0   3  -1  -1  -4   0   5   0   0  -1  -1  -3  -2  -2  -3   0   2    0   0   0   5   7   3   4   0   3  44   6   6   0   2   0   3   0   0   3  12  0.44 0.30
  393 F    -1   2  -2  -1   1   0   1  -3   1   0   0  -1  -1   1  -3   0   1  -2   1   1    1  12   0   2   4   4  10   1   5   4  11   0   0   9   0   8   8   0   4  17  0.11 0.15
  394 D     1  -1   1   1   3   0  -1  -1  -2  -1   1   0   0  -2  -2  -1   0  -3  -2   2   14   4   8   8   7   5   2   5   0   1  13   5   2   0   1   1   4   0   0  21  0.09 0.14
  395 P    -1   0  -2  -2  -3   1   2  -2   1  -3  -2   1  -2  -1   5  -2   0  -3  -3   0    4   6   1   1   0   5  16   3   3   1   4   7   0   3  34   1   6   0   0   7  0.56 0.27
  396 P    -1  -1   0   1   0  -1   1  -1  -2  -1   0   0  -1  -2   4  -1   0  -3  -2   0    5   4   5   8   3   2   9   3   0   4  14   5   0   1  23   4   5   0   0   5  0.26 0.14
  397 H     0   0   2  -1  -3   2   0   4   4  -3  -3  -1  -1  -3   0   0  -1  -3  -2  -3    5   5  10   3   0  10   5  33  12   1   1   1   2   1   4   4   3   0   0   1  0.43 0.24
  398 Y    -3  -1  -2  -4  -4  -3  -3  -1   3  -2  -1  -2  -2   5  -4  -2  -1   4   5   0    1   3   2   0   0   0   0   5   8   0   3   2   0  30   0   2   5   7  23   7  0.74 0.38
  399 E    -2   3   2   0  -4   1   3  -2  -2  -3  -2   0   1  -4  -2   1   1  -4  -3  -2    0  21   9   3   0   7  24   2   0   0   2   3   5   0   1   8  10   0   0   3  0.39 0.28
  400 L    -1  -3  -1  -3  -2  -3  -3  -4  -3   3   2  -2  -1   1  -3   0   0  -3  -1   3    3   0   3   0   0   0   0   1   0  22  16   3   0   8   0   8   4   0   1  29  0.37 0.25
  401 F    -1  -2  -1  -2   3  -1  -1  -1   0   1   0  -1   1   4  -2  -1  -1   3   1   0    5   1   2   1   7   3   3   6   3   8   5   3   6  23   1   2   4   4   3   8  0.16 0.12
  402 S    -1   1  -1   0  -2   0   2  -2   0  -1   0   0  -1  -2  -1   2   1  -3  -2   0    1   7   0   4   0   3  18   2   3   3  14   3   0   0   3  18  11   0   0   8  0.15 0.16
  403 L    -2  -3  -3   0   1  -1  -3  -3  -3   1   4  -2   2   1  -1  -3  -1  -3   1   0    1   0   0   6   4   3   0   2   0   6  49   2   6   5   3   1   3   0   5   3  0.40 0.27
  404 R    -2   3   1   2  -4   2   2  -3   1  -1  -3   1  -2   1  -3  -1   1  -3  -2  -2    0  17   7  11   0   8  19   0   4   4   0   7   0   8   0   2  10   0   0   2  0.33 0.24
  405 E    -1   1  -1  -1  -3  -1  -1   1  -1  -1  -1  -2  -2   4  -1  -2  -1  -2   3   0    3   9   2   4   0   3   5  14   1   4   4   0   0  26   4   0   4   0  10   7  0.24 0.22
  406 K    -2   0   2   2  -4   1   2  -1   2  -3  -1   1  -2  -4  -3   0   2  -4  -3  -2    0   2   9  14   0   8  17   4   5   0   8  10   0   0   0   7  14   0   0   2  0.29 0.22
  407 E    -1   1   0   2  -3   0   2   0  -2  -1  -2   0   0  -3   2   1   0  -4  -3  -1    1  10   5  12   0   1  19   8   0   4   2   2   3   1  13  11   4   0   0   3  0.25 0.18
  408 I    -1   0  -1  -1   0  -3  -3  -1  -3   2   0  -3   0   5  -3  -2  -1  -2   0   1    5   6   3   4   2   0   1   4   0  18   8   1   2  29   0   1   4   0   0  12  0.31 0.22
  409 S     0  -2   0   2   5   1   2  -2  -2  -3  -2   1   0  -2  -2   0   0   3  -1  -3    6   0   4  12  18   8  12   2   0   0   2   9   4   2   1   8   4   5   1   0  0.33 0.24
  410 A     1  -1  -2   0  -2  -1   0  -3  -3   2   1   0   0  -1  -3   0   1  -3  -2   1   16   2   0   5   0   2   5   0   0  13  20   9   2   1   0   6   9   0   0  11  0.13 0.16
  411 D    -3  -1   0   4   0  -1   5   1  -2  -4  -4  -2  -4  -5   0  -1  -3  -4  -4  -4    1   3   3  28   3   0  41  10   0   0   1   0   0   0   5   3   0   0   0   0  0.82 0.42
  412 L    -1  -1   0   0   0  -1   0   2  -2   0   0  -1  -1   2   1  -1   0  -2  -1   0    4   4   3   4   3   0   5  21   0   7  11   4   1  11   6   3   6   0   0   5  0.08 0.09
  413 A     1   0   2   1  -3   1   0   0   4  -3  -3  -1  -2  -3   1   1   0  -3   0  -1   10   4  12   7   0   6   4   7  14   0   1   1   0   0   6  14   6   0   3   4  0.24 0.18
  414 D    -1  -2   0   4  -1   2   1   0  -2  -2  -2  -1  -2   0   2   1  -1  -3   0   0    5   1   3  26   2  10   7   6   0   1   3   1   0   5  10   9   1   0   3   7  0.26 0.19
  415 L    -1   0  -1  -1   0   0   1  -2   0   0   1   0   0  -1   0   0   0  -2   1   1    3   6   3   2   2   4  14   1   2   2  15   4   3   1   5   9   6   0   6  13  0.06 0.09
  416 S     0   0  -1  -1   6   0   1   0  -2  -2  -1  -1  -2  -2  -2   0   1  -2   0   0    5   5   3   3  23   3   9  10   0   1   7   2   0   1   1   5   9   0   5   8  0.27 0.19
  417 E    -1   1   0   1  -3   1   1   0   0   0   0   1  -1  -2   2  -1  -1  -3  -2  -2    1  11   5   9   0   6  13  10   2   8   9   8   0   1  10   4   1   0   1   1  0.15 0.11
  418 E    -1  -2   1  -1   4  -1  -1  -1   1  -1   0  -2  -1   0  -1  -1   0   2   3  -1    2   1   8   3  13   1   4   6   5   4  10   2   1   3   3   4   6   3  17   4  0.19 0.13
  419 L     0  -1   0   0   2  -1   0  -2   1   1   0  -1  -1   0   2   0   0  -1   1   0    5   2   5   4   7   2   6   2   5  12  12   2   1   4  12   6   3   0   5   5  0.08 0.06
  420 D     0  -3  -2   1   2  -1   0  -1   0  -3  -2  -1  -2   2   1  -1   0  -1   6  -2    8   1   1   9   5   1   7   4   1   1   4   2   0   6   8   4   5   0  33   1  0.44 0.28
  421 N    -3  -4   1   7  -5  -2   1  -2  -3  -3  -5  -3  -5  -5  -2   0  -1  -6  -5  -5    0   0   6  67   0   0   6   2   0   2   0   0   0   0   2   8   4   0   0   0  1.35 0.56
  422 Y    -1  -3   0  -3  -4  -1  -3  -4   2  -2  -3  -1  -3   2  -2   1  -1   3   7  -1    3   0   5   0   0   2   0   1   4   2   1   4   0   8   2  13   2   4  42   5  0.78 0.41
  423 Q    -2  -3  -3   0  -3   0  -3  -4   3   2   3  -3  -1  -2  -3  -3  -1  -3  -2   3    1   0   0   6   0   5   0   1   8  13  33   0   0   0   0   0   4   0   0  27  0.45 0.29
  424 K     0   1  -2   0  -3   1   4   0  -2  -2   0   2  -2  -3  -2  -1   0  -3  -3  -2    7   7   0   2   0   7  30   7   0   1   9  16   0   0   1   2   7   0   0   2  0.32 0.23
  425 L    -2  -4  -4  -4  -3  -3  -4  -4  -4   4   2  -4  -1   1   0  -3  -2  -3  -2   4    3   0   0   0   0   0   1   1   0  31  16   0   0   7   5   1   1   0   0  32  0.64 0.32
  426 R    -3   5  -1  -3  -4   1   0  -2  -1  -3  -1   0  -2   1  -3  -2  -3   4   4  -2    1  37   3   1   0   7   4   2   1   1   5   3   0   7   1   1   1   7  15   3  0.60 0.33
  427 R    -1   1   1   4  -3   0   0  -1  -2  -3  -3   2  -2  -3  -1   0   0  -3  -1  -1    5   9   4  34   0   2   5   3   0   1   1  12   0   1   2   8   5   0   2   4  0.37 0.21
  428 S     0  -3   1  -1  -3  -2  -3   5  -3  -2  -3  -1  -3  -3  -3   0   0  -3   1  -1    5   1   7   3   0   0   1  51   0   3   1   4   0   0   1   7   6   0   5   5  0.63 0.31
  429 S    -1  -1   1   1  -2  -1   0  -1  -1   1   1  -1  -1   0   2   2  -1  -3  -2  -1    3   3   6  11   0   1   6   5   2  10  15   1   0   6  11  19   1   0   0   1  0.13 0.14
  430 T     0   0   0   1  -2   0   0  -1  -1   0  -2  -1  -2  -2   0   1   3  -3   1   0    4   6   5   8   0   2   4   5   1   7   3   1   0   0   4  15  23   0   7   5  0.16 0.16
  431 A     1  -1   0   0  -2   0   0  -1   1   0   0   0  -1  -2  -1   2   1  -3  -1   0   14   2   4   4   0   3   6   4   4   3  12   6   0   0   2  18   7   0   1  10  0.07 0.10
  432 S    -1  -2   1   2  -3  -1   1   0   2  -1  -2   0   0  -3  -2   3   0  -3  -2  -1    3   1   8  16   0   0   8   5   6   3   4   6   2   0   1  27   6   0   0   5  0.25 0.19
  433 R     2   1   0   0  -2  -1   0   1  -2  -3  -2   1  -2  -3   1   3   0  -3  -3  -2   20   7   3   3   0   0   5  12   0   0   3   7   0   0   6  28   3   0   0   1  0.30 0.22
  434 C    -1   3  -2  -2   2   2   0   0   0  -2  -2   3  -2  -4   3  -1  -2  -4  -3  -2    3  16   0   0   5   9   4   7   2   3   2  22   0   0  18   4   1   0   0   2  0.41 0.24
  435 I    -2  -1  -1  -3  -2   0  -1  -2   0   2   3  -2   0   1  -3  -2  -1  -2  -1   1    1   3   4   1   0   4   3   3   3  12  41   1   0   7   1   3   2   0   0  10  0.27 0.19
  436 H    -2  -1   1  -3   0  -2  -3  -3   4   3   2  -2   1   1  -3  -2  -2   0   1  -1    2   2   9   1   3   1   1   1  14  25  22   1   4   5   1   1   1   1   4   1  0.32 0.22
  437 D    -1  -4  -2   2  -4  -3   0   6  -4  -4  -2  -1  -4  -5  -4  -2  -2  -5  -5  -3    4   0   0  12   0   0   5  67   0   0   4   3   0   0   0   0   2   0   0   2  1.10 0.46
  438 H    -2   3  -2  -2  -4   2   1  -2   3  -3  -4   4  -3  -4   2  -1   0  -4  -3  -2    2  21   0   0   0   7   8   3  10   1   0  28   0   0  11   1   5   0   0   3  0.53 0.30
  439 H    -4  -4  -4  -5  -4  -4  -4  -5   2  -3  -3  -4  -3   7  -5  -2  -2   4   6  -1    0   0   0   0   0   0   0   0   5   0   0   0   0  45   0   3   2   4  33   5  1.45 0.54
  440 C    -3  -5   0  -5  10  -5  -5  -5   0  -4  -2  -5  -4  -5  -5   0  -1  -5  -5  -4    0   0   4   0  77   0   0   0   2   0   3   0   0   0   0   6   4   0   0   0  2.50 0.74
  441 G    -1  -5  -2   0  -5  -4  -4   7  -5  -6  -6  -4  -5  -6   0  -3  -4  -5  -6  -6    4   0   1   5   0   0   0  85   0   0   0   0   0   0   4   0   0   0   0   0  1.79 0.62
  442 S     0   0   2   0  -3   1   0   0   1  -3  -3   1  -2  -2   1   2   2  -4  -1  -3    7   2  12   5   0   7   2   6   3   0   1   9   0   1   6  18  18   0   2   0  0.25 0.19
  443 Q    -1   1   2   0  -3   3   2   0   1  -3  -3   1   0  -2  -2   1   0  -3  -2  -3    4   8  10   4   0  19  15   6   4   0   2   8   3   2   0   9   6   0   0   0  0.29 0.19
  444 A     1   1  -2  -3  -2  -2  -1  -1  -2   1   1   0  -1   1   1   0   1  -2   0   1   15   9   0   0   0   0   2   4   0  11  13   6   0   6   6   4  13   0   3   8  0.09 0.11
  445 S    -3  -4  -1  -3  -4  -3  -2  -2   1  -5  -3  -3  -4  -5   7   1   0  -5  -4  -4    0   0   2   0   0   0   2   3   4   0   2   0   0   0  68  11   5   0   0   0  1.69 0.57
  446 S     1  -2  -1  -1  -3   0   1   1  -1  -2   0  -2   1   0   3   1  -1  -3  -1  -1   11   0   1   2   0   6  10  14   1   0   8   0   4   4  16  15   2   0   2   3  0.22 0.17
  447 V     0   1   0   1  -3  -1  -1  -3  -1  -1  -1   0  -2   2   3   0   0  -3  -2   1    8  12   4   7   0   0   2   0   1   0   5   6   0  12  15   7   5   0   0  14  0.18 0.16
  448 K    -2  -1  -3  -4  -3  -1  -3  -4  -3   4   2   1   0   1  -4  -1  -2  -3  -2   2    0   2   0   0   0   2   0   0   0  29  25  13   1   7   0   4   0   0   0  15  0.42 0.26
  449 Q    -1   1  -1  -1  -3   1   0  -1  -2   0  -1  -1   0   1  -1   1   2  -2   2   0    0   9   1   4   0   6   4   4   0   8   1   2   3   8   2  10  22   0   8   9  0.13 0.17
  450 S    -1  -3   1  -3  -3  -3  -3   0  -3   0  -4  -3  -4  -5  -3   6   2  -5  -4  -3    2   0   5   0   0   0   0   6   0   6   0   0   0   0   0  68  14   0   0   0  1.06 0.53
  451 R    -2   2  -2  -1  -3   2   0  -3  -1  -3  -2   0  -3   0  -3   4   3  -4  -1  -2    0  10   0   2   0  10   6   0   1   0   3   3   0   5   0  36  20   0   2   2  0.43 0.31
  452 T    -1   0   1  -2  -3   0  -2   0  -1  -3  -3  -2   1  -1  -3   4   4  -3   1  -3    0   4   5   0   0   3   0   8   1   0   0   0   5   3   0  37  27   0   5   0  0.52 0.34
  453 N    -1  -3   7  -1  -5   0  -3   1   4  -5  -5  -2  -4  -5  -2  -1  -3  -6  -4  -1    5   0  61   2   0   3   0  10   9   0   0   1   0   0   2   1   0   0   0   5  1.14 0.50
  454 L     0  -2   1   0  -2   1   1  -2  -2   0   0   0  -1   1  -2   2   0  -3   0   0    5   0   7   6   0   8  10   0   0   6  10   4   0   8   0  19   6   0   2   9  0.10 0.13
  455 S    -2  -4   0  -4  -3  -3  -4  -1  -4   2   3  -3   6  -2  -4   0  -2  -4  -3   2    0   0   4   0   0   0   0   5   0   8  34   0  26   0   0   7   0   0   0  14  0.63 0.34
  456 S     1   2  -1  -1  -3   1  -2  -1   1  -2   0  -1  -1  -1  -3   2   2  -3   2  -2   13  12   1   4   0   6   0   5   4   0   9   0   2   2   0  16  20   0   8   0  0.20 0.20
  457 M    -3  -4  -5  -5  -3  -4  -5  -5  -5   5   3  -4   4   0  -5  -4  -1  -4  -3   3    0   0   0   0   0   0   0   0   0  35  25   0  11   3   0   0   2   0   0  23  0.82 0.36
  458 E    -2   0  -1   1  -3   2   2  -1   0   0   1  -1  -1  -3  -3  -1   1  -4  -3   1    0   6   1   7   0  12  17   6   3   7  17   1   0   0   0   2  12   0   0  11  0.16 0.17
  459 L    -5  -5  -6  -6  -5  -5  -6  -6  -4   1   1  -6   0   8  -6  -5  -4  -2   1  -3    0   0   0   0   0   0   0   0   0  10  14   0   2  72   0   0   0   0   3   0  1.73 0.59
  460 P    -1   0   0   1   0   1  -1  -3   3   0  -1   1  -1   0   1   0   0  -3   0   1    3   5   5   8   3   6   0   0  13   8   2  11   0   4   6   7   5   0   2  13  0.11 0.13
  461 F     0  -3  -2  -3  -3  -3  -3  -3  -3  -3  -4  -1  -3   2  -3   4   5  -4   0  -3    7   0   0   0   0   0   0   0   0   0   0   2   0  11   0  38  39   0   3   0  0.85 0.46
  462 R    -4   1  -1   7  -6   2   1  -4   0  -6  -6  -1  -5  -6  -4  -2  -4  -6  -5  -6    0   7   0  74   0   8   5   0   2   0   0   3   0   0   0   2   0   0   0   0  1.60 0.58
  463 N    -1   0   2  -1  -3  -1   1   1   1  -3  -2   0  -1  -3   2   2   0  -3   1  -2    3   4  14   0   0   0  13   9   3   0   4   4   2   0  10  21   6   0   7   1  0.25 0.19
  464 D     1  -2  -1   2  -3  -2   0   1  -3  -3  -4  -2  -1  -4  -3   4   1  -5  -4  -1   12   1   0  15   0   0   4  11   0   0   0   0   2   0   0  42   9   0   0   4  0.53 0.33
  465 F    -1   0  -1  -1  -3  -2  -2   0  -1   2   0   0   0   1  -3  -2   0  -3  -2   2    2   7   3   3   0   0   1  10   1  18   8   8   2   9   0   0   8   0   0  20  0.12 0.14
  466 A     2  -3   2   0  -3   0   0  -2  -3  -3  -4  -2  -3  -4  -1   3   4  -5  -4  -3   21   0  11   5   0   3   4   0   0   0   0   0   0   0   3  25  28   0   0   0  0.55 0.33
  467 Q     0   1   1   0  -3   1   0   1   1  -1  -2   2  -2  -1  -2   0  -1  -3  -2  -1    8  10   7   4   0   8   4  13   4   3   3  19   0   3   0   8   2   0   0   4  0.17 0.12
  468 P    -2   4  -1   1  -4  -1   1  -1  -2  -1  -1   2   1  -4   1  -1   0  -4  -3  -2    1  33   1   7   0   0   7   5   0   4   4  14   5   0   7   4   6   0   0   1  0.34 0.22
  469 Q    -2  -4  -3  -4  -5   0  -2   7  -4  -1  -5  -4  -5  -5  -1  -3  -4  -5  -5  -5    0   0   0   0   0   4   3  84   0   5   0   0   0   0   3   0   0   0   0   0  1.65 0.55
  470 P    -4  -5  -5  -6  -5  -5  -5  -5  -4  -3  -3  -1  -3   7   1  -2  -4   7   2  -4    0   0   0   0   0   0   0   0   0   0   0   5   0  64   7   3   0  14   6   0  1.66 0.56
  471 M    -2   2   1  -2  -3   3   0  -3   1  -1  -1   2   2  -1  -3   1   0  -3   0  -2    0  13   7   0   0  15   5   0   3   3   6  19  10   2   0   9   3   0   4   0  0.27 0.20
  472 K     4  -3   0  -3  -2   0  -2  -1  -3   1   1  -1  -1  -1  -3  -1  -1  -4  -3   0   50   0   6   0   0   5   0   3   0   8  13   4   0   2   0   0   2   0   0   7  0.39 0.28
  473 T    -2   2   2   0  -4  -1   0  -1   5  -2  -3   0   0  -1  -3   0   3  -4  -2  -3    0  16  10   5   0   0   6   5  21   2   0   3   2   3   0   7  21   0   0   0  0.43 0.26
  474 F    -4  -1  -5  -5  -5  -4  -1  -5  -2  -3  -3  -4  -3   6  -6  -4  -4   5   7  -4    0   4   0   0   0   0   6   0   0   0   0   0   0  42   0   0   0   8  41   0  1.62 0.53
  475 N    -2   0   2  -2  -3  -2   1  -3  -1  -1  -2  -1  -2   3  -3   0   2  -2   4   0    0   7  12   0   0   0  10   0   0   2   0   2   0  17   0   8  18   0  17   8  0.32 0.22
  476 S     1  -3  -2  -3  -2  -2  -2  -2  -3   2  -1  -1  -2   0  -3   4   2  -4  -2   1   14   0   0   0   0   0   0   0   0  14   2   2   0   6   0  41  13   0   0   8  0.40 0.26
  477 T    -1   0  -1   2  -2   0   1  -3  -2   0   1  -1  -1  -1  -2   0   2  -3  -2   2    3   4   0  14   0   3  14   1   0   2  14   0   0   2   0   4  19   0   0  19  0.16 0.13
  478 F     0  -1  -2  -2   2   1   0  -2   0   1  -1   2  -1   1   2   0   1  -2  -1   0    7   0   0   0   5   6   4   1   2  15   1  18   0  10   9   6  10   0   0   5  0.12 0.11
  479 K    -1   2  -1   1  -2   1   0  -1  -2   0   0   2   1  -2   0   1   0  -3  -2   0    1  14   0  10   0   5   3   3   0   9   7  18   6   0   3  12   3   0   0   5  0.12 0.09
  480 K    -2  -1   5   0  -3   1   2   0  -1  -4  -4   3  -3  -4  -1   1  -1  -4  -3  -3    1   0  35   3   0   5  13   5   0   0   1  24   0   0   3   8   1   0   0   1  0.53 0.22
  481 S    -1   0   2   0   4  -1   0  -2   4  -1  -3   0  -2  -3   0   1   2  -3  -2  -2    3   5  11   4  12   0   4   0  17   5   0   7   0   0   3  13  16   0   0   0  0.29 0.16
  482 S     0  -1  -1   1  -2  -1  -1  -1  -2   0   0  -1  -1   1   0   3   1  -2   1   0    6   3   0   8   0   0   0   3   0   8   8   0   0   7   4  34  10   0   5   4  0.15 0.13
  483 Y    -1  -1  -2  -2   2   1   1  -1   1  -2  -1  -1  -1   3  -3   0   1   2   3  -1    0   2   0   0   7   8  12   3   4   0   6   2   0  17   0   8   9   3  14   4  0.19 0.13
  484 T    -1   0   2   2   4  -1   1  -2  -1  -2  -2   1  -2  -3   0   1   1  -3  -3  -2    3   3  14  15  11   0  12   0   0   0   4  11   0   0   4   9  14   0   0   0  0.26 0.12
  485 F    -2  -2   0   0  -3   1  -1  -3  -2   0   2  -2   0   4  -3  -2  -2  -1   0   0    1   0   5   8   0   9   3   1   0   4  27   0   0  32   0   1   0   0   0   8  0.30 0.15
  486 K    -1   0   0   3  -3   2   1  -2  -1  -1  -3   2  -2  -3   2   0   0  -3   0  -1    0   5   0  27   0  15   5   0   0   3   0  14   0   0   9   5   6   0   4   5  0.30 0.12
  487 Q     1   2   1  -2   3   3   0   1  -1  -2  -1   0  -1  -2  -2  -1   0  -3   0  -2   15  15   7   0   9  23   4  13   0   0   7   0   0   0   0   0   4   0   4   0  0.21 0.10
  488 A     0  -1   1  -2  -2   1  -1   0  -2  -1   1   0   1  -2  -2   1   2  -3  -2  -1    9   0  10   0   0  11   0   6   0   0  24   4   5   0   0  10  22   0   0   0  0.15 0.09
  489 H     0  -1   3   3  -3   2   1   0   2  -1  -2  -1  -2  -3  -2   0  -1  -4  -2  -2    7   0  19  23   0  13   9   6   7   5   4   0   0   0   0   8   0   0   0   0  0.30 0.10
  490 E     1  -1   1   2  -2   1   2   0  -1  -3  -3  -1  -2  -3   1   2   1  -3  -3  -2   18   0   9  11   0   9  12   4   0   0   0   0   0   0   7  20  10   0   0   0  0.29 0.09
  491 C    -1  -3  -3  -3   9  -3  -3  -3  -3  -2   0  -3   1  -3  -3   2   0  -3  -3  -2    0   0   0   0  58   0   0   0   0   0  10   0   7   0   0  20   5   0   0   0  1.05 0.21
  492 P    -2  -3   1  -2  -3  -2  -2   1  -3  -1  -3  -2   1  -3   7  -1  -2  -4  -3  -2    0   0   8   0   0   0   0  11   0   5   1   0   5   0  66   0   0   0   0   0  1.32 0.19
  493 E    -1  -1   3   3  -3   0   4  -2  -1  -3  -2   1   2  -3  -2   0  -1  -3  -2  -2    0   0  17  17   0   0  38   0   0   0   1   6  11   0   0   7   0   0   0   0  0.42 0.11
  494 Q    -1  -1  -1   1  -2   1   1  -2  -1  -1   0  -1  -1  -1   1   1   2  -2   2  -1    1   0   0   7   0  11  14   1   0   0  11   0   0   0   8   7  26   0  12   0  0.18 0.05
  495 A     1  -2   1  -1  -2  -1  -1  -1  -1   0  -2  -1  -2  -2   5   1  -1  -2   1  -1   19   0  10   0   0   0   0   1   0  10   1   0   0   0  35  14   0   0   7   0  0.51 0.07
  496 L     1  -1  -1   1  -2  -1  -1   1   1  -1   0   0  -1   1  -2   0   0  -2  -1   0   17   0   0  12   0   0   0  14   7   0  11  10   0  10   0   1   7   0   0   8  0.05 0.03
  497 E    -2  -1   0   5  -4   0   4  -2  -1  -4  -4   1  -3  -3  -2  -1  -2   4  -2  -3    0   0   0  50   0   0  33   0   0   0   0  10   0   0   0   0   0   7   0   0  0.76 0.11
  498 D    -1  -2   0   1  -2  -1   0  -3  -1   2  -1  -2  -1  -1   3  -1  -1  -2   2   2    0   0   7  11   0   0  10   0   0  23   0   0   0   0  17   0   0   0  12  19  0.23 0.06
  499 R    -1   3   0   1  -3   3   0  -2  -1  -2  -2   1  -1  -3  -2   0   3  -3  -2  -2    0  29   0  10   0  25   0   0   0   0   0   0   0   0   0   0  36   0   0   0  0.40 0.08
  500 V    -1  -1  -1  -1  -2   1   1  -3  -2   0  -1  -1  -1  -2   3   0   2  -3  -2   2    0   0   0   0   0  13  10   0   0   0   0   0   0   0  16   0  24   0   0  38  0.27 0.06
  501 M     1  -2  -2  -2  -2  -1  -2  -2  -2   1   1  -2   4   2  -2   1   0  -2  -1   0   12   0   0   0   0   0   0   0   0  10  13   0  29  11   0  24   0   0   0   0  0.18 0.06
  502 E     0   0   0   0  -3   2   3  -2  -1  -3  -3   3  -2  -3   2   2   0  -3  -2  -3    0   0   0   0   0  12  24   0   0   0   0  29   0   0  11  24   0   0   0   0  0.42 0.06
  503 E    -1  -1  -1   2  -3   0   4  -3  -1  -1  -1  -1  -1   2  -2  -1  -1  -2  -1   1    0   0   0  12   0   0  51   0   0   0   0   0   0  13   0   0   0   0   0  24  0.34 0.07
  504 I    -1  -2   2   2  -2  -1  -1  -2  -2   1  -1  -1  -1  -2  -2   1   2  -3  -2   1    0   0  14  15   0   0   0   0   0  16   0   0   0   0   0  15  28   0   0  12  0.19 0.03
  505 P     2  -1  -1  -2  -2  -1  -1  -1  -2   0  -1   1  -1  -3   4   1   0  -3  -2  -1   28   0   0   0   0   0   0   0   0  15   0  15   0   0  28  14   0   0   0   0  0.40 0.04
  506 C    -1   1  -2  -3   7  -2  -3  -3  -3   0  -1  -1  -1  -2  -3  -1   1  -3  -2   2    0  14   0   0  46   0   0   0   0   0   0   0   0   0   0   0  12   0   0  28  0.55 0.07
  507 E     0  -1  -1  -1   4   0   2  -2  -2  -1  -2  -1  -1  -3  -2   1   4  -3  -2  -1    0   0   0   0  17   0  19   0   0   0   0   0   0   0   0   0  64   0   0   0  0.43 0.06
  508 I     0  -2  -1  -2  -1  -1  -2  -2  -1   2   0  -1   0   0  -2   3   0  -1   3   0    0   0   0   0   0   0   0   0   0  35   0   0   0   0   0  47   0   0  18   0  0.19 0.05
  509 Y    -2  -1  -1  -2  -3   0  -1  -3   7  -3  -3  -2  -2   0  -3  -2  -2   6   4  -3    0   0   0   0   0   0   0   0  64   0   0   0   0   0   0   0   0  17  19   0  0.97 0.08
  510 V    -1   4  -1  -2  -2   0  -1  -3  -2   1  -1   1   0  -2  -2  -1   1  -3  -2   1    0  46   0   0   0   0   0   0   0  18   0   0   0   0   0   0  17   0   0  19  0.26 0.04
  511 R    -1   2  -3  -3  -2  -1  -2  -3  -2   1   3  -1   1   0  -3  -2  -1  -2  -1   2    0  22   0   0   0   0   0   0   0   0  56   0   0   0   0   0   0   0   0  22  0.25 0.02
  512 G     0  -2   0  -1  -1  -1  -1   2  -2   1  -1  -1  -1  -2  -2   3   0  -3  -2   0    0   0   0   0   0   0   0  22   0  22   0   0   0   0   0  56   0   0   0   0  0.25 0.03
  513 R    -1   4   0   0  -3   1   3  -2  -1  -3  -2   1  -2  -3  -2   0   2  -3  -2  -2    0  38   0   0   0   0  40   0   0   0   0   0   0   0   0   0  22   0   0   0  0.43 0.03
  514 D    -2  -1   0   3  -4   1   3  -2   6  -4  -3   0  -2  -3  -2  -1  -1  -3   0  -3    0   0   0  22   0   0  40   0  38   0   0   0   0   0   0   0   0   0   0   0  0.59 0.04
  515 D    -1   0   0   4  -4   4   3  -2   0  -3  -3   0  -2  -4  -2   0  -1  -3  -2  -3    0   0   0  38   0  40  22   0   0   0   0   0   0   0   0   0   0   0   0   0  0.60 0.03
  516 S     0   4   0  -1  -2   1   0  -1  -1  -3  -3   2  -2  -3  -1   3   0  -3  -2  -2    0  40   0   0   0   0   0   0   0   0   0  16   0   0   0  44   0   0   0   0  0.41 0.03
  517 A     2  -1  -2  -2  -1  -1  -1  -1  -2   1  -1   1   0  -2  -2   0   0  -3  -2   2   38   0   0   0   0   0   0   0   0   0   0  22   0   0   0   0   0   0   0  40  0.16 0.02
  518 Q    -1   1   0  -1  -3   5   1  -2   5  -3  -3   1  -1  -3  -2   0  -1  -2   0  -3    0   0   0   0   0  75   0   0  25   0   0   0   0   0   0   0   0   0   0   0  0.63 0.04
  519 A     2  -2  -3  -3  -1  -2  -2  -1  -2   0  -1  -2  -1  -1  -2  -1  -1   8   0   2   37   0   0   0   0   0   0   0   0   0   0   0   0   0   0   0   0  31   0  32  0.54 0.01
  520 S     0  -1   0   0  -2   1   3  -1  -1  -2  -2   0  -1  -3  -1   3   3  -3  -2  -1    0   0   0   0   0   0  31   0   0   0   0   0   0   0   0  37  32   0   0   0  0.35 0.01
  521 I    -1  -3  -3  -3  -1  -3  -3  -4  -3   4   2  -3   1   0  -3  -3  -1  -3  -1   3    0   0   0   0   0   0   0   0   0 100   0   0   0   0   0   0   0   0   0   0  0.40 0.01
  522 S     1  -1   1   0  -1   0   0   0  -1  -3  -3   0  -2  -3  -1   4   1  -3  -2  -2    0   0   0   0   0   0   0   0   0   0   0   0   0   0   0 100   0   0   0   0  0.46 0.01
  523 I    -2  -3  -3  -3  -2  -3  -3  -4  -2   3   1  -3   1   4  -3  -3  -1   0   1   1    0   0   0   0   0   0   0   0   0  53   0   0   0  47   0   0   0   0   0   0  0.37 0.00
  524 D    -2  -2   1   6  -4   0   2  -1  -1  -3  -4  -1  -3  -4  -2   0  -1  -4  -3  -3    0   0   0 100   0   0   0   0   0   0   0   0   0   0   0   0   0   0   0   0  0.94 0.01
  525 F    -2  -3  -3  -4  -3  -3  -3  -3  -1   0   0  -3   0   6  -4  -3  -2   1   3  -1    0   0   0   0   0   0   0   0   0   0   0   0   0 100   0   0   0   0   0   0  0.73 0.00

                      K         Lambda
Standard Ungapped    0.1357     0.3210
Standard Gapped      0.0389     0.2670
PSI Ungapped         0.1272     0.3177
PSI Gapped           0.0389     0.2670
