
Last position-specific scoring matrix computed, weighted observed percentages rounded down, information per position, and relative weight of gapless real matches to pseudocounts
            A   R   N   D   C   Q   E   G   H   I   L   K   M   F   P   S   T   W   Y   V   A   R   N   D   C   Q   E   G   H   I   L   K   M   F   P   S   T   W   Y   V
    1 M    -3  -3  -4  -5  -3  -2  -4  -5  -3   0   2  -3   9  -1  -4  -3  -2  -3  -3   1    0   0   0   0   0   0   0   0   0   0  18   0  77   0   0   0   0   0   0   5  1.33 0.34
    2 D     0   1   0   5  -4   1   3  -2  -2  -4  -4  -1  -3  -4  -2   1   0  -4  -3  -3    6  10   0  44   0   5  20   0   0   0   0   0   0   0   0  10   6   0   0   0  0.64 0.18
    3 M    -2  -4  -4  -5  -3  -3  -4  -5  -4   1   3  -3   7   0   1  -3  -2  -3   0   2    2   0   0   0   0   0   0   0   0   6  24   0  41   3   7   0   0   0   3  15  0.74 0.30
    4 A     1   0  -1   0  -3   0   2  -1  -2  -1  -2   1  -2  -3  -2   3   2  -4  -3  -1   13   3   0   3   0   2  17   3   0   2   2   8   0   0   0  25  15   0   0   5  0.27 0.18
    5 D     1  -2   0   3  -3   0   2  -1  -2  -3  -3   0  -1  -4  -3   3  -1  -4  -1  -2   15   0   4  20   0   2  12   4   0   0   2   7   1   0   0  28   0   0   3   2  0.37 0.22
    6 E    -2  -1  -1   3  -4   3   4   0   0  -2  -1  -1  -3  -4  -1   1  -2  -4  -1  -2    0   1   2  14   0  14  33   6   2   2   7   0   0   0   2  10   0   0   2   3  0.45 0.26
    7 P    -2  -5  -4   2  -5  -1  -3  -5  -5  -3   0  -4  -1  -3   7   0  -1  -6  -2  -4    1   0   0  10   0   2   0   0   0   2  12   0   1   1  58   8   3   0   1   0  1.38 0.50
    8 L    -1  -2   0  -2  -3   0  -1   0   1  -1   2  -2   2   2  -3   1   0  -2   1  -1    2   1   5   2   0   4   3   8   3   2  23   0   7  11   1  14   5   0   6   2  0.14 0.16
    9 N     0  -2   6  -1  -4   0   0  -1   1  -5  -5  -3  -2  -1   0   2  -1  -5  -2  -4    9   1  45   1   0   4   7   4   3   0   0   0   1   3   5  14   2   0   1   0  0.74 0.38
   10 G     1  -2  -1  -2  -2  -2  -1   3   0  -3  -2  -2  -1   1   2   1   2  -4   0  -2   11   1   3   1   1   0   4  22   2   1   3   1   1   7  10  10  19   0   3   1  0.28 0.21
   11 S     0  -2   3   0  -4  -3   1  -1  -3  -2  -3  -3  -4  -5   2   5   0  -5  -4  -4    6   2  13   4   0   0   8   3   0   2   2   0   0   0   9  44   5   0   0   0  0.63 0.38
   12 H    -1  -2   1   0  -4   1  -1   1   5  -3  -2  -2  -2  -1   0   2  -1  -2   3  -2    4   1   6   6   0   7   2  13  15   1   4   0   1   3   5  15   2   0  12   3  0.30 0.23
   13 T     0  -2   0  -1  -2  -3  -3  -1  -4  -3  -1  -3  -3   1   3   3   3  -4  -3  -2    8   2   5   4   0   0   1   4   0   1   5   0   0   7  17  24  20   0   0   2  0.45 0.31
   14 W    -1  -1   1   1  -4   1   0  -3  -2  -2   0  -2  -2   2   1   0  -1   6   3  -2    4   3   9   7   0   6   5   1   0   1   8   1   1   9   6   8   4  14  10   3  0.34 0.22
   15 L     0  -2  -2   0  -2  -1  -2  -1  -2   1   1  -2   1   1   0   0   1   2   2   0    6   1   1   6   0   3   2   4   0   8  18   1   4   7   5   8   9   3   7   6  0.09 0.10
   16 S     0  -3   2   0  -2  -1   0  -1  -2  -4  -2  -3  -2  -4   1   4   2   0   1  -4    7   0  11   4   1   3   7   3   0   0   4   0   1   0   7  32  12   2   6   0  0.41 0.31
   17 I     0  -3  -2  -1  -3   0  -1  -2   0   1   1  -2  -1   0   3  -1  -1   2   2   1    8   0   1   3   0   4   3   3   2  10  12   1   1   3  16   4   4   3  10  12  0.22 0.17
   18 P    -1  -4   1   0  -5  -1   1  -2  -3  -5  -4  -4  -5  -3   6   1   1   0  -5  -5    4   0   7   5   0   3   9   3   0   0   2   0   0   1  44  11  10   1   0   0  1.03 0.49
   19 F     0  -2   1   0   1  -2  -1  -1   1  -1   1  -2   4   2  -2  -1  -1   2   2  -1    8   2   7   6   3   1   5   5   3   1  12   1  13   8   2   4   4   3   9   2  0.14 0.16
   20 D    -1  -3   2   4  -4   0   1  -1  -2  -4  -1  -2  -3  -4   1   2   0   1  -1  -1    5   0  10  21   0   3   9   4   0   0   7   1   0   0   6  19   6   2   2   4  0.32 0.25
   21 L    -1  -2   1   0  -2   0  -1  -2  -2   0   2  -2   2   1   0   0   0   1   0   0    3   1   9   5   1   4   4   2   0   5  24   0   5   5   5   8   7   2   3   6  0.12 0.14
   22 N    -1  -1   6   1  -3   0   0   0  -1  -4  -4  -1  -4  -4  -1   2   0  -2  -2  -4    6   2  36   7   0   4   6   7   1   1   2   4   0   0   3  13   5   1   1   0  0.60 0.36
   23 G     1  -2   1   0  -2  -1  -1   3  -2  -3  -2  -1  -3  -1   1   2   2  -2  -3  -1   10   1   5   5   1   3   4  21   0   1   4   2   0   3   6  14  13   1   0   5  0.23 0.19
   24 S    -1  -4   2  -1   0  -2  -1   2  -3  -3  -3  -3  -3  -1   0   4   3   0  -4  -3    2   0   8   3   2   1   4  13   0   1   3   0   0   2   6  35  15   1   0   1  0.52 0.37
   25 V     0  -2   1   0   1  -1  -1   1  -1   0   0  -2   1   0  -1   0   1  -1  -1   1    8   1   9   5   3   2   3  10   2   5   9   1   4   5   2   8   8   1   2  12  0.04 0.07
   26 V     1  -2   0  -1  -1  -1  -1  -1  -2   1   0  -2   1   0   0   0   1  -3  -1   2   10   2   4   3   1   2   5   3   1   5   9   1   4   4   5   8  11   0   2  20  0.10 0.12
   27 S     0   1   2   1   0   0   0  -1  -1  -2  -1  -1  -2  -2   2   1   1  -4   0  -1    9   9   9   9   2   3   5   4   1   1   6   2   0   2   9  13   9   0   3   4  0.13 0.13
   28 T     0  -2   2   0  -2  -2  -1   1  -2  -2  -2  -1  -2  -2   2   2   3  -5  -2  -1    7   1   9   4   1   1   4   9   1   1   4   2   1   2   9  20  18   0   1   4  0.27 0.23
   29 N    -1  -2   4   1  -4   0  -1   0   0  -2  -3  -2  -2  -1   3   1   1  -2  -2  -2    5   1  25   7   0   3   4   7   3   2   3   1   1   3  13  11   7   1   1   3  0.36 0.26
   30 T     0  -2   1   0   0  -1   0   0   0  -2  -1  -2  -1   0   1   2   2   0   0  -1    8   1   7   4   2   3   5   9   2   2   6   1   1   4   6  16  14   1   4   4  0.12 0.14
   31 S    -1  -1   1   0   2  -1   1   0  -3  -3  -2  -1  -2  -1   2   3   1  -3  -2  -3    3   2   6   6   4   2   9   6   0   1   5   2   1   2  12  27   9   0   1   1  0.30 0.26
   32 N    -1   0   3   2   1   0   1   0   0  -4  -3  -1  -3  -1   1   1   0  -1   1  -2    3   4  18  11   3   3   7   7   2   0   2   1   0   2   8  12   6   1   6   2  0.24 0.20
   33 Q    -1  -1   0   0   4   1   1  -1  -1  -2  -1  -1   0   0   2   0   1  -3  -1  -2    5   3   5   5  11   7   9   4   2   2   6   3   2   5  12   8   8   0   1   2  0.18 0.15
   34 T     0   0   0  -1   3   1   1  -1  -1  -1  -1  -1  -2  -2   2   1   1  -4  -2  -1    6   5   3   3   7   9   8   4   1   3   6   3   0   2  12  11  12   0   1   5  0.16 0.15
   35 E     0   1  -1   1   4   0   1   0   2  -2  -2  -1  -1  -1   1   0   0  -1   2  -2    6   9   2   9  11   4   9   6   5   1   4   2   1   2   7   7   4   1   7   3  0.16 0.14
   36 P    -1  -2  -2  -2   0  -2  -1  -2   1  -2  -2  -2  -4  -1   6   1   1  -1   2  -1    4   2   2   3   2   1   4   2   3   2   4   3   0   2  35   9   7   1   7   5  0.59 0.33
   37 Y    -1  -1  -1  -1  -2   1   0  -2  -1  -1   1  -2  -1   2   2   0   0   1   2   0    6   3   3   3   1   8   5   3   1   1  17   1   1  10  11   7   4   2   7   6  0.13 0.13
   38 Y     0   0   0   1   0   0   0  -1   2  -1  -1   0   0   0   0   0  -1   2   2   0    6   7   4   7   2   5   7   5   5   4   6   4   3   4   4   5   1   3  10   6  0.05 0.07
   39 D    -1  -1   2   2  -3   0   1   0   2  -2  -1  -2  -3  -1   1   2   0   2   0  -2    4   4   9  14   0   3  10   6   5   2   5   1   0   3   6  17   5   3   3   2  0.19 0.18
   40 L    -1  -1  -1   0  -4  -1   0  -2   0   0   1  -1  -1  -1   4   0  -1   2  -2   0    3   4   2   5   0   2   7   2   2   4  17   2   1   2  24   7   4   3   1   6  0.31 0.22
   41 T     1  -2  -1  -3  -3  -1   0   0  -2   0   0  -2   0   2   1  -1   0   5   0   0   12   1   4   1   0   3   8   6   1   6   7   1   2  12   7   4   7   8   3   9  0.17 0.16
   42 S     1  -1  -1  -1  -2   0  -1  -1  -1   0   0   0   0   0   1   1   0   2   1   0   13   3   3   3   0   4   3   2   1   5  12   6   2   3   7  10   6   3   5   6  0.06 0.08
   43 N     1   2   0  -1  -3   1  -1  -2   3  -2  -2   1  -2   1  -1  -1   0  -1   3  -2   11  14   4   2   0   8   3   2   9   2   3  10   0   5   2   4   7   1   9   2  0.21 0.19
   44 A     1   0  -3  -4  -1   0  -2  -2  -3   2   0  -1   0  -2  -2  -1   0   3   1   2   14   4   1   0   1   5   2   3   0  15   7   3   2   1   2   5   7   4   6  18  0.20 0.19
   45 V     1  -5  -5  -5  -2  -5  -5  -4  -3   3   3  -4   1   3  -5  -3  -1  -4  -2   3   12   0   0   0   1   0   0   1   1  14  26   1   2  14   0   2   4   0   0  20  0.59 0.34
   46 L    -2  -4  -3  -5  -3  -1  -2  -4  -4   3   4  -4   2   1  -1  -2  -1   1   2   1    3   0   1   0   0   3   2   1   0  14  37   0   5   6   3   2   4   2   7  10  0.50 0.30
   47 T     1  -2  -4  -5   0  -4  -4   1  -4   1  -1  -4  -2  -2   5   0   1  -5   1   0   14   2   0   0   2   0   0  11   0   8   6   0   1   1  27   7   8   0   5   7  0.51 0.34
   48 F     2  -5  -4  -5   1  -4  -4  -2  -5   2   1  -4   0   0   0   0   1   1  -1   3   20   0   0   0   3   0   0   2   0  12  11   0   2   5   6   6   9   2   1  21  0.38 0.28
   49 I     0  -5  -6  -6  -3  -5  -5  -5  -3   2   3  -5   1   3  -6  -2  -1  -3   2   4    8   0   0   0   0   0   0   0   0  12  23   0   3  14   0   2   3   0   6  27  0.68 0.38
   50 Y    -6  -6  -7  -6  -1  -6  -2  -5   0  -1   1  -6   5   3  -7  -3  -4  -3   8  -3    0   0   0   0   1   0   3   1   2   3  15   0  12   9   0   2   1   0  48   1  1.57 0.72
   51 F     1  -5  -4  -5   2  -4  -4   2  -4   2   1  -4  -1   2  -5   3   0   1  -1  -1   10   0   0   0   4   0   0  14   0  13  11   0   1   8   0  24   7   2   2   4  0.40 0.32
   52 V     0  -5  -6  -6  -1  -5  -6  -2  -5   3   3  -5   1   3  -5  -3   0  -5  -3   3    9   0   0   0   1   0   0   3   0  15  29   0   3  14   0   1   5   0   0  19  0.67 0.37
   53 V    -2  -6  -6  -5  -3  -6  -3  -3  -6   5   2  -6   0  -4  -6  -3   0  -6  -5   5    3   0   0   0   0   0   2   3   0  32  17   0   2   0   0   2   5   0   0  33  0.99 0.49
   54 C    -1  -7  -7  -7   4  -7  -7   0  -6   3  -1  -7   0   7  -7  -3  -3  -1  -3   0    5   0   0   0   9   0   0   7   0  15   4   0   3  48   0   2   2   1   0   6  1.33 0.61
   55 I     0  -6  -6  -7  -2  -6  -6  -4  -6   3   3  -6  -1   2  -4  -3  -2  -5  -4   4    7   0   0   0   1   0   0   1   0  18  27   0   1   7   1   2   2   0   0  32  0.85 0.44
   56 I     0  -6  -6  -7   0  -6  -6  -5  -6   2   3  -6  -1   2  -4  -4   0   0  -4   5    7   0   0   0   2   0   0   1   0  11  27   0   1   7   1   1   5   1   0  35  0.82 0.44
   57 G     1  -7  -5  -3   0  -6  -6   6  -7  -3  -8  -6  -7  -8  -6   2  -1  -7  -7  -5   10   0   0   2   2   0   0  66   0   2   0   0   0   0   0  13   4   0   0   1  1.63 0.74
   58 L    -2  -6  -6  -7  -3  -6  -6  -5  -6   3   4  -6   1   2  -6  -4   0  -3  -4   4    3   0   0   0   0   0   0   1   0  16  34   0   4  10   0   1   6   0   0  26  0.90 0.46
   59 C    -1  -6  -6  -6   1  -5  -6  -5  -6   2   3  -5  -1   3   4  -3  -2  -5  -3   3    6   0   0   0   3   0   0   1   0  12  27   0   1  10  18   2   2   0   0  17  0.73 0.41
   60 G    -1  -7  -5  -4  -7  -6  -3   7  -7  -1  -1  -6  -5  -7  -7  -2  -1  -7  -7  -2    5   0   0   1   0   0   2  72   0   3   8   0   0   0   0   3   3   0   0   3  1.63 0.73
   61 N    -8  -7   9  -5  -9  -6  -6  -7  -4 -10 -10  -6  -9  -9  -8  -4  -6 -10  -8  -9    0   0  99   0   0   0   0   0   0   0   0   0   0   0   0   1   0   0   0   0  3.55 1.35
   62 T     1  -5  -4  -5   2  -4  -5   2  -5   1   1  -4   0   1  -5   2   0  -5  -4   1   11   0   0   0   4   0   0  19   0   9  14   0   2   7   0  16   6   0   0  12  0.40 0.31
   63 L    -2  -6  -7  -7   0  -6  -7  -6  -6   1   5  -6   3   1  -5  -4   0  -5  -1   2    3   0   0   0   2   0   0   1   0   7  55   0   6   6   0   1   5   0   2  12  1.04 0.52
   64 V     1  -6  -7  -7  -5  -6  -7  -7  -7  -1  -1  -6  -3  -4  -7  -2   2  -7  -3   7   13   0   0   0   0   0   0   0   0   3   5   0   0   1   0   3  10   0   1  63  1.46 0.71
   65 I    -2  -7  -7  -7   4  -5  -7  -5  -7   5   4  -6   3  -3  -7  -6  -3  -6  -5   2    3   0   0   0   8   1   0   1   0  30  36   0   7   0   0   0   1   0   0  14  1.17 0.55
   66 Y    -1  -2  -6  -7   0  -6  -6  -4  -1   1   1  -3  -2   2  -6  -3   0   9   4   1    6   2   0   0   2   0   0   1   1   7  15   1   1   8   0   2   5  26  14   9  1.08 0.53
   67 V     2  -6  -6  -6  -2  -4  -6  -4  -6   3  -1  -5  -1  -3  -6   0  -1  -6  -4   5   17   0   0   0   1   1   0   1   0  16   4   0   1   1   0   8   4   0   0  45  0.97 0.52
   68 I    -3  -6  -3  -6  -5  -5  -6  -5  -5   4   2  -6   1   5  -6  -3   2  -4   0   3    2   0   2   0   0   0   0   1   0  20  16   0   3  23   0   1  12   0   3  16  0.83 0.44
   69 L     1  -3  -4  -5   3  -4  -4  -2  -1   2   2  -2   1   1  -5  -1  -1   2   2   1   14   1   0   0   7   0   0   3   1  14  21   2   3   6   0   5   4   3   7   7  0.32 0.24
   70 R    -2   4  -1  -4   1   2  -1   0   2  -3  -1   3  -3   1  -4  -2   0  -1   2  -3    3  24   2   0   3   8   2   7   5   1   6  16   0   6   0   3   5   1   6   1  0.40 0.30
   71 Y    -2   1   2  -3   0   1  -2  -4   5  -2  -4   0  -3   4  -3   0   1  -3   3  -2    2   8  11   1   3   6   2   1  13   2   0   5   0  17   1   7   8   0  11   3  0.51 0.35
   72 A    -2   4  -3  -5  -5   0  -2  -4  -2  -3  -2   5   2  -6   1  -1   0  -7  -2  -3    3  24   1   0   0   3   2   1   1   2   4  37   5   0   7   4   5   0   1   2  0.84 0.50
   73 K    -1   4  -2  -4  -1   1  -1  -1   3  -4  -4   4   1  -6  -3   1  -1   0  -4  -3    5  19   2   0   1   7   2   5   6   1   1  29   4   0   1  10   4   1   0   2  0.60 0.40
   74 M    -1   0  -1  -5  -5  -1  -3  -4  -2  -2   4   2   5  -4   0  -1   0  -5  -5  -1    4   6   3   0   0   3   1   1   1   1  37  13  15   0   4   4   5   0   0   3  0.60 0.40
   75 K    -5   6  -4  -6  -2   2  -3  -3   4  -4  -3   3  -3  -6  -5  -2  -4   4  -5  -5    0  45   0   0   1   8   1   2  10   1   3  16   1   0   0   3   1   5   0   1  1.31 0.66
   76 T    -2  -1   3  -3  -3  -1  -5  -4   1  -4  -4  -1  -5  -6  -3   3   5  -7  -3  -5    2   4  15   1   1   3   0   1   3   1   1   3   0   0   1  24  38   0   1   0  1.00 0.60
   77 I     0  -1  -5  -4  -2  -4  -2  -2  -3   0  -1  -3   2  -1   5   0  -1  -6  -5   4    9   3   0   0   1   0   3   3   0   4   5   1   5   2  25   9   4   0   0  25  0.58 0.39
   78 T     1  -4  -1  -5  -5  -3  -4  -2  -5   1   1  -5   2  -3   0   0   5  -6  -4  -1   11   0   4   0   0   1   1   3   0   6  12   0   4   1   5   7  41   0   1   3  0.69 0.47
   79 N    -1  -3   7   2  -6  -3  -2  -3   1  -4  -6  -2  -3  -1  -6   0   1  -7  -2  -2    5   1  49  11   0   1   3   1   3   1   0   2   1   2   0   6   9   0   1   3  1.14 0.59
   80 I    -3  -6  -6  -7   1  -5  -6  -7  -5   5   1  -4   1   3  -6  -5   0   2   4   2    2   0   0   0   3   0   0   0   0  28  13   1   3  10   0   0   6   3  15  15  0.88 0.45
   81 Y    -6  -7  -8  -8  -2  -7  -8  -8  -3   2   2  -7  -3   6  -8  -5  -6   3   7  -3    0   0   0   0   1   0   0   0   0   9  16   0   1  34   0   1   0   4  33   1  1.77 0.76
   82 I    -5  -4  -7  -8  -5  -6  -7  -8  -2   5   4  -6   4   1  -7  -5  -3  -6  -1   2    0   1   0   0   0   0   0   0   1  29  37   0  10   5   0   1   1   0   2  13  1.19 0.55
   83 L     1  -4  -4  -6   0  -5  -5  -3  -3   2   3  -1   1   2  -5  -3  -1  -5  -2   3   10   1   0   0   2   0   0   2   0   9  32   4   2   9   0   1   4   0   1  21  0.57 0.34
   84 N    -6  -6   8  -5  -2  -3  -6  -5   4  -9  -7  -6  -8  -8  -7   3  -4  -9  -7  -8    0   0  65   0   1   1   0   0  10   0   0   0   0   0   0  22   1   0   0   0  2.30 1.01
   85 L    -6  -8  -9  -9  -7  -7  -8  -9  -8  -1   7  -8   2  -5  -8  -8  -4  -7  -7  -2    0   0   0   0   0   0   0   0   0   2  91   0   3   0   0   0   1   0   0   2  2.28 0.95
   86 A     7  -7  -7  -7  -1  -6  -6  -5  -7  -4  -4  -6  -6  -5  -5   1  -1  -8  -7  -1   78   0   0   0   1   0   0   0   0   1   2   0   0   0   0   9   3   0   0   4  1.85 0.89
   87 I     0  -6  -7  -7   2  -6  -7  -7  -7   4   3  -6   1   2  -6  -4  -2  -6  -5   4    7   0   0   0   4   0   0   0   0  19  24   0   3   7   0   1   3   0   0  32  0.95 0.48
   88 A     6  -6  -6  -4  -1  -6  -6  -1  -7  -7  -6  -6  -6  -5  -6   4   0  -8  -7  -4   59   0   0   1   1   0   0   4   0   0   1   0   0   0   0  28   5   0   0   1  1.55 0.80
   89 D    -8  -8   0   9 -10  -6  -3  -3  -7  -9  -7  -7  -9  -9  -8  -6  -7 -10  -4  -9    0   0   4  92   0   0   1   2   0   0   1   0   0   0   0   0   0   0   1   0  3.02 1.20
   90 E    -3  -7  -7  -8  -3  -7  -4  -5  -5   0   6  -7   0   5  -7  -5  -3  -6  -4  -1    2   0   0   0   0   0   1   1   0   5  63   0   2  19   0   1   2   0   0   4  1.44 0.66
   91 L     0  -6  -7  -7   2  -5  -7  -3  -7   1   5  -6   1   1  -7  -3  -3  -2  -5   1    8   0   0   0   4   0   0   2   0   8  58   0   3   5   0   2   2   1   0   7  1.07 0.54
   92 F    -3  -6  -7  -7   2  -5  -7  -6  -1   0   1  -6   5   6  -7  -2  -3  -5   2   3    1   0   0   0   3   0   0   0   1   4  14   0  13  28   0   3   2   0   7  22  1.03 0.52
   93 M     1  -5  -4  -6   4  -5  -5  -1  -6   2   2  -5   2  -2  -5  -1   1  -6  -5   3   14   0   1   0   7   0   0   5   0   9  23   0   5   1   0   5   9   0   0  22  0.57 0.36
   94 L     0  -6  -6  -7   3  -6  -6  -6  -6   2   4  -6  -1   3  -6  -1  -1  -5  -4   2    7   0   0   0   6   0   0   0   0  11  42   0   1  12   0   4   4   0   0  12  0.86 0.46
   95 G     0  -5  -2  -4   5  -4  -5   1  -6  -1  -3  -4  -3   2  -2   1   4  -2  -5   1    8   0   2   1  12   0   0  10   0   4   2   0   1   8   2  12  30   1   0   8  0.64 0.43
   96 L    -3  -6  -4  -7  -1  -3  -6  -2  -6   2   5  -5   5   1  -5  -2  -3  -5   0   1    2   0   1   0   1   1   0   3   0   9  45   0  15   6   0   3   1   0   3   9  0.92 0.49
   97 P    -5  -8  -8  -8  -9  -8  -7  -3  -5  -7  -4  -7  -8  -4   9  -4   0 -10  -9  -6    1   0   0   0   0   0   0   3   0   0   2   0   0   1  86   1   5   0   0   1  2.90 1.24
   98 F    -4  -6  -7  -7  -5  -1  -6  -7  -6   1   2  -7  -1   7  -2  -5  -1   1  -1   1    1   0   0   0   0   3   0   0   0   9  20   0   2  47   2   0   4   2   1   8  1.34 0.62
   99 L    -1   0   0  -2  -2  -1  -2  -3  -2   0   0  -1   1   0  -3   1   2   7  -2  -1    5   6   5   2   1   3   3   2   1   5  10   4   3   4   1  10  13  18   1   4  0.42 0.29
  100 A     3  -5  -5  -6  -3  -5  -4  -3  -6   4   1  -5   4   1  -5  -3   0  -3  -3   2   26   0   0   0   1   0   1   2   0  20  14   0  10   5   0   2   6   0   1  12  0.67 0.41
  101 M     0  -4  -4  -1  -3  -3  -3  -5   1   2  -1  -4  -1   0  -5  -1   2   2   3   4    9   0   1   3   0   1   1   0   4  12   6   0   1   4   0   5  13   3  11  26  0.48 0.33
  102 Q    -1   1   2   1  -3  -1  -1  -5   2  -1  -4  -2  -1   0  -1   1   0  -1   6  -2    5   6   9   8   1   3   4   0   5   3   1   2   2   3   3  12   6   1  24   2  0.46 0.34
  103 V    -1  -3   0  -2   1  -1  -1  -3  -2   2   0  -2   0   1  -5   2   0  -2   5   0    6   1   5   2   3   3   4   1   1  11   9   2   2   5   0  14   5   0  20   5  0.33 0.27
  104 A     2  -2  -2  -5  -2  -3  -4  -2  -1   1   2  -3   0   1  -4  -1   0   1   0   2   21   2   2   0   1   1   0   3   1   9  22   1   2   6   1   4   6   2   3  12  0.30 0.24
  105 L     0   0   1  -2  -2   1   0  -1   3  -1   1  -1   3  -1  -4   0   0   1   1  -1    7   6   8   1   1   7   6   5   7   2  13   2   8   3   0   6   5   2   6   4  0.13 0.16
  106 V    -2   0   2   1  -3  -1   0   4   3  -4  -5   1  -1   0  -2  -1  -2  -4  -1  -2    3   5  10   9   1   3   5  30   8   1   0   7   2   4   2   4   2   0   2   3  0.44 0.30
  107 H    -3   1   1   1   3   1   0   0   5  -4  -4  -1  -2  -1  -1  -1   0  -4   4  -4    2   8   7   9   5   5   6   8  15   1   1   3   1   2   3   3   6   0  14   0  0.46 0.32
  108 W    -8  -9  -6 -10  -8  -8  -9  -2  -8  -5  -8  -6  -4   3  -9  -7  -4  13  -1  -8    0   0   1   0   0   0   0   4   0   1   0   1   1  11   0   0   1  78   2   0  4.12 1.49
  109 P    -2  -1  -2  -2  -5  -1  -3  -5   1   2   0  -2  -1  -1   4  -2   0  -2   3   2    3   3   2   2   0   2   1   0   3  13   8   3   1   2  21   3   5   0  11  16  0.43 0.30
  110 F    -4  -6  -8  -8  -7  -8  -8  -3  -1  -3   2  -8  -1   8  -6  -5  -6   0   2  -5    1   1   0   0   0   0   0   3   2   1  19   0   1  64   1   1   0   1   5   1  2.06 0.86
  111 G    -4  -2  -3  -2  -7  -3  -5   7  -1  -8  -8  -4  -7  -8   0  -2  -6  -5  -6  -8    1   2   1   2   0   1   1  80   2   0   0   1   0   0   5   3   0   0   0   0  2.08 0.90
  112 K    -1   1   1   3  -2  -1   2  -2   1  -3  -3   0  -3  -3   1   1   1   0  -1  -1    5   7   7  18   1   2  11   3   4   1   2   5   0   1   8  10   8   2   2   4  0.24 0.21
  113 A     1  -4  -3  -4  -3  -3  -3  -1   0   1   1  -4   0   4   0  -2   1   1   0   2   15   1   1   0   0   1   1   4   2   7  11   1   2  18   5   3  10   2   2  14  0.31 0.25
  114 I     0  -4  -5  -6  -5  -3  -5   2   0  -2   3  -5   5   2  -2  -2  -2   1   0   0    7   1   0   0   0   1   0  14   2   1  32   0  15   9   2   3   2   2   3   6  0.61 0.38
  115 C    -8 -11 -10 -11  12 -10 -11 -10 -10  -8  -8 -10  -9  -6 -10  -8  -8 -10 -10  -8    0   0   0   0  99   0   0   0   0   0   0   0   0   1   0   0   0   0   0   0  4.99 1.69
  116 R    -2   4   1  -2  -7   1  -1  -6   0  -3  -2   5  -3  -5  -3  -2  -1  -2  -1  -3    3  18   6   2   0   7   4   0   2   1   4  40   0   0   1   2   3   1   2   2  0.83 0.50
  117 V    -1  -6  -7  -7  -2  -6  -7  -4  -6   3   3  -6   2   4  -6  -4  -1  -2  -3   3    5   0   0   0   1   0   0   2   0  18  29   0   4  15   0   1   3   1   0  21  0.86 0.45
  118 V    -1  -3  -2  -3   0  -2   1  -4   2   1   1  -3   1   1  -4   1   0   3   2   3    3   1   2   1   2   2   9   1   5   6  11   1   4   5   0  10   7   4   7  22  0.27 0.24
  119 M     1   0   1  -4  -3  -2  -3   2   2  -1  -2  -1  -2  -1   0   2   2  -5  -2  -2   13   5   7   0   0   1   0  17   4   3   3   3   1   3   6  16  12   0   1   3  0.27 0.25
  120 T     1  -6  -6  -6   4  -6  -6   0  -3  -3  -1  -6   0   6  -6   1  -1  -1   4   0   12   0   0   0   8   0   0   8   1   1   6   0   2  27   0  10   4   1  16   6  0.82 0.47
  121 V    -1  -6  -7  -7   2  -5  -6  -6  -6   3   4  -6   2   4  -4  -3  -1  -5  -4   2    5   0   0   0   4   0   0   0   0  16  33   0   5  19   1   2   4   0   0  11  0.85 0.45
  122 D    -1  -2  -3   2  -1   2  -3   0  -3   0   0  -2   1   4  -3  -3  -2  -4   3   0    6   2   0  13   1  12   1   7   0   6   8   3   4  17   1   1   2   0   9   7  0.31 0.27
  123 G    -1  -4  -2  -2  -1  -1  -1   0   1   0   0  -1  -1   1  -4   1   1  -1   5   1    6   0   2   2   1   3   3   7   3   5   8   3   1   6   0  10  11   1  19   8  0.25 0.23
  124 I    -1  -5  -4  -6   0  -5  -4  -3  -3   3   3  -5   4   1  -6  -2   1  -3  -1   3    6   0   1   0   2   0   1   2   1  13  25   0  10   5   0   3   9   0   2  20  0.58 0.35
  125 N    -1  -6   6  -5   4  -5  -5   2  -3  -6  -2  -5  -5   2  -5   2   0  -7  -3  -4    5   0  34   0   8   0   0  13   0   0   5   0   0  10   0  17   6   0   1   1  0.95 0.56
  126 Q    -4  -2  -6  -6   3  -3  -5   2  -6   0   1  -5   7   2  -3  -2   0  -6  -2   2    0   3   0   0   5   1   0  15   0   5  13   0  25   7   1   3   7   0   1  13  0.74 0.45
  127 F    -4  -6  -3  -7   1   0  -2  -2   2   1  -2  -6  -1   4  -7  -1   0  -4   7  -3    1   0   1   0   3   4   4   4   5   7   4   0   1  18   0   4   7   0  36   2  1.09 0.58
  128 T     4  -6  -4  -6   4  -5  -4   0  -6   1  -3  -5  -1  -6  -5   2   1  -7  -6   3   29   0   0   0   7   0   1   8   0   8   2   0   2   0   0  16  10   0   0  17  0.68 0.45
  129 S    -1  -7  -4  -5  -3  -4  -2   1  -7  -8  -8  -6  -7  -8  -7   7   0  -9  -8  -7    5   0   0   0   1   1   2  11   0   0   0   0   0   0   0  75   5   0   0   0  1.91 0.97
  130 I    -2  -7  -5  -7  -2  -7  -7  -4  -7   6   1  -7   2  -4  -7  -2   0  -7  -6   4    4   0   1   0   1   0   0   2   0  46  11   0   4   0   0   3   6   0   0  22  1.26 0.60
  131 F    -2  -7  -2  -7   1  -5  -4  -5  -6  -1   3  -7   2   6  -7  -3  -5   6   3  -2    4   0   2   0   3   0   1   1   0   4  24   0   4  32   0   2   0  12   8   2  1.19 0.58
  132 C    -3  -6   1  -6   0  -5  -6  -5   2  -1   2  -6   0   5  -6   2   3  -5  -3  -3    2   0   7   0   2   0   0   0   5   4  16   0   2  27   0  18  17   0   0   1  0.85 0.52
  133 L    -7  -7  -4  -9  -7  -6  -8  -9  -5   3   6  -8   4  -3  -8  -8  -5  -7  -6  -1    0   0   1   0   0   0   0   0   0  13  73   0   8   1   0   0   0   0   0   3  1.82 0.81
  134 T     2  -6  -5  -6   5  -6  -6  -2  -7  -1   0  -6   1  -4  -6  -2   5  -7  -6   2   16   0   0   0  12   0   0   4   0   3   8   0   3   1   0   2  38   0   0  13  1.02 0.59
  135 V     3  -6  -5  -7   6  -6  -5  -3  -6   1   1  -6   1   2  -6  -2  -1   0  -5   3   25   0   1   0  16   0   0   2   0   6  12   0   3   9   0   2   3   1   0  18  0.78 0.45
  136 M    -6  -8  -8  -9  -6  -7  -8  -9  -8   7   3  -8   5  -2  -8  -7  -5  -7  -6   1    0   0   0   0   0   0   0   0   0  55  21   0  14   1   0   0   0   0   0   8  1.87 0.80
  137 S     4  -7  -4  -6  -1  -6  -6  -4  -7  -7  -8  -6  -7  -8  -6   6   1  -8  -7  -7   29   0   0   0   1   0   0   1   0   0   0   0   0   0   0  59   8   0   0   0  1.75 0.91
  138 I    -1  -5  -7  -7  -2  -4  -7  -5  -7   5   2  -6   1   2  -7  -4  -4   1  -1   4    6   0   0   0   1   1   0   1   0  27  17   0   4   9   0   1   0   2   2  30  0.96 0.49
  139 D    -6  -5   1   8  -5  -1   3  -7  -1  -9  -9  -6  -8  -4  -7  -5  -6 -10  -8  -6    1   0   5  70   0   3  18   0   2   0   0   0   0   1   0   0   0   0   0   1  2.21 0.97
  140 R    -8   9  -7  -8  -6  -5  -7  -9  -5 -10  -6  -3  -8  -9  -9  -7  -8  -9  -8  -9    0  98   0   0   0   0   0   0   0   0   1   1   0   0   0   0   0   0   0   0  3.40 1.35
  141 Y    -8  -8  -8  -9   4  -8  -8  -9   2  -8  -6  -8  -4   3  -9  -6  -8   4   9  -7    0   0   0   0   7   0   0   0   4   0   1   0   0  11   0   1   0   5  71   0  2.97 1.19
  142 L    -3  -1  -1  -5   2   0  -5  -4  -2   3   4  -3   2   0  -6  -4  -4   3   1   1    2   4   3   0   5   5   0   1   1  15  35   1   4   4   0   1   0   4   5  10  0.58 0.35
  143 A     5  -1  -5  -6   2  -2  -4  -2  -3  -2  -1  -1  -5  -3  -6  -1  -2  -7  -2   3   51   3   0   0   4   2   1   3   1   2   6   4   0   1   0   3   2   0   1  18  0.88 0.54
  144 V    -4  -8  -8  -8  -6  -8  -8  -9  -8   7   0  -8  -2  -3  -8  -7  -2  -8  -6   5    1   0   0   0   0   0   0   0   0  50   6   0   1   1   0   0   3   0   0  39  1.87 0.80
  145 V    -1  -2  -5  -7   7  -5  -6  -5  -7   0   0  -2   0  -2  -7  -2   1  -4  -6   5    6   2   0   0  21   0   0   1   0   4   7   3   2   2   0   4   9   0   0  39  1.08 0.56
  146 H    -4   2   0   0  -3   0  -4  -5   8  -3  -3   3  -3  -1  -6  -1  -5   0   3  -5    1  10   4   5   1   5   0   1  33   2   3  17   1   2   0   5   0   1   9   1  1.09 0.57
  147 P     1  -6  -7  -7  -8  -7  -7  -2  -2  -8  -6  -4  -5  -6   8  -1  -2   0  -8  -5   11   0   0   0   0   0   0   3   1   0   1   1   0   0  72   4   2   1   0   1  2.26 1.01
  148 I    -2  -2  -5  -4  -2  -3  -4  -5  -1   1   4  -4   4   4  -4  -2  -1  -5  -3   2    2   3   0   1   1   1   1   1   1   8  34   1  10  15   1   3   4   0   0  13  0.67 0.38
  149 K    -1   4  -1  -2  -5   2  -1   0   1  -3  -2   2  -3  -1  -3   1  -2   4  -2  -2    4  23   3   2   0   8   3   9   3   1   4  14   0   2   1   9   2   7   1   3  0.40 0.30
  150 S     2  -2   2  -3   0  -2  -3  -2  -2  -2  -2  -2  -1   0   0   2   1   1   5  -2   17   3   9   1   2   1   1   2   1   2   3   2   2   4   4  19   7   2  18   2  0.40 0.33
  151 A    -1   2   0  -2  -3   2  -1  -2   1  -1   0   1   0   2   0   0  -2  -1   0  -1    4  14   4   1   0  12   3   3   4   3  12   9   2   9   5   6   2   1   3   4  0.16 0.17
  152 K    -2   4   1  -1  -4   1  -1   0   0  -2  -3   2  -3  -1  -1   0   1  -2  -4  -2    3  26   7   3   0   5   2   6   2   3   2  12   0   3   4   8   9   1   0   3  0.37 0.28
  153 W    -1   1  -2  -3  -2  -2  -3  -3   2   1   2   1   0   3  -1  -2  -2   4   0   1    6   9   1   1   1   2   1   1   6   6  18   8   2  13   3   3   2   6   2   9  0.23 0.18
  154 R    -4   5  -2  -2  -1   2  -4   0  -1   0  -1   0   3  -1  -1  -2  -1  -5   0  -1    1  34   1   3   1   8   0   8   1   5   6   4   7   3   3   3   4   0   3   5  0.50 0.35
  155 R    -2   2   0  -5  -6  -1  -1  -1  -3  -5  -5   1  -5  -6  -2   2   6  -7  -4  -3    3  10   5   0   0   3   4   5   1   1   0   8   0   0   2  17  41   0   0   1  0.86 0.55
  156 P     0   2   0  -2  -3   0  -2  -2   0   0  -1   2   0  -1   3  -1   0  -2  -2   1    8  12   4   2   0   5   2   3   2   5   7  12   2   2  15   3   4   0   1  11  0.19 0.17
  157 R    -1   4   1  -3   0  -1  -2  -1   0  -4  -2   3  -2  -3  -2   1   1  -1  -2  -2    5  26   7   1   2   2   1   5   2   1   5  16   1   1   2  10   8   1   1   2  0.42 0.31
  158 T    -1   3   1  -4   0   0  -3  -2   4  -2   0   1  -1   1  -5  -2   0   4   1   0    5  17   6   0   2   4   0   4  11   2   9   7   1   7   0   2   5   5   5   8  0.29 0.24
  159 A     6  -3  -4  -4  -5  -5  -4   0  -6  -1  -6  -5  -4  -6  -6   1   1  -2  -3   0   59   2   1   1   0   0   1   7   0   4   0   0   0   0   0   9   8   1   1   6  1.14 0.64
  160 K     0   2  -2  -4   1  -1  -3  -1  -1   1   1   3   0   0  -4  -1  -1   3   0   1    8  12   1   0   3   1   0   4   1  10  12  18   2   4   0   4   4   4   3   9  0.22 0.20
  161 M     0   0  -4  -5   0  -3  -4  -1  -4   3   2   0   3   0  -5  -3  -1   0   0   2    9   7   0   0   2   0   0   5   0  15  19   5   7   4   0   1   3   1   3  16  0.34 0.25
  162 I     0  -3  -5  -5   1  -4  -3   0  -4   3   1  -3   3  -1  -4  -2   1   0   0   3    9   1   0   0   3   0   1   9   0  15  12   2   7   2   1   3   8   1   3  23  0.36 0.26
  163 T    -1  -7  -2  -7   7  -4  -7  -7  -7   5   1  -6  -3  -5  -7   2  -3  -7  -3   2    4   0   2   0  21   1   0   0   0  30  12   0   0   0   0  17   1   0   1  11  1.14 0.58
  164 M     3  -5  -5  -6   2  -5  -5   1  -6   2   2  -5   0  -1  -4  -1  -1  -6  -5   3   23   0   0   0   3   0   0  12   0  10  21   0   2   3   0   5   4   0   0  18  0.54 0.36
  165 A     1  -5  -5  -6   2  -5  -5   2  -5   2   2  -5   0   3  -5  -1  -2  -3  -2   2   13   0   0   0   5   0   0  13   0   9  18   0   2  13   0   5   2   0   1  17  0.48 0.32
  166 V     0  -6  -5  -5   2  -6  -6  -4  -7   5  -1  -6  -2  -4  -4   0   2  -2  -5   4    8   0   0   0   4   0   0   2   0  31   5   0   1   1   1   8  11   1   0  27  0.88 0.49
  167 W   -10 -10 -11 -12 -10 -10 -11 -10 -10  -7  -8 -11  -9  -5 -11 -10  -6  13  -4 -10    0   0   0   0   0   0   0   0   0   0   0   0   0   0   0   0   1  98   0   0  5.53 1.90
  168 G     1  -6  -6  -6   0  -5  -6   0  -6   4   2  -5   1   0  -6  -2  -1  -2  -5   4   12   0   0   0   2   0   0   7   0  19  20   0   4   4   0   3   4   1   0  25  0.64 0.38
  169 V     0  -6  -5  -7  -1  -5  -6  -4  -6   2   4  -5   4   2  -4  -3  -2   2   0   2    7   0   0   0   1   0   0   2   0  10  38   1  10   8   1   2   3   3   2  13  0.73 0.41
  170 S     4  -6  -5  -4   0  -5  -4  -1  -6  -1  -3  -5   0  -6  -1   5   0  -7  -6   1   34   0   0   1   2   0   1   4   0   3   2   0   3   0   3  36   5   0   0   9  0.92 0.58
  171 L     1  -6  -5  -6   1  -5  -6  -1  -6   3   3  -5   1   3  -6  -1  -1  -4  -4   2   12   0   0   0   3   0   0   5   0  13  29   0   3  14   0   4   4   0   0  12  0.59 0.36
  172 L     2  -6  -6  -6   0  -6  -6  -1  -6   2   4  -6   0   1  -6  -2   0  -3  -5   2   14   0   0   0   2   0   0   6   0  11  38   0   2   5   0   3   5   0   0  14  0.68 0.41
  173 V     1  -5  -5  -6   3  -3  -4  -3  -4   2   3  -5   0   1  -5  -2  -1   5   1   2   12   0   0   0   6   1   1   2   0  11  27   0   2   6   0   3   4   8   4  11  0.53 0.33
  174 I     3  -5  -3  -5   2  -3  -5   0  -4  -1  -3  -5   1  -4  -4   4   3  -3  -6  -1   25   0   1   0   5   1   0   8   0   4   3   0   4   1   0  32  14   0   0   4  0.75 0.51
  175 L     0  -5  -5  -6  -2  -5  -5  -3  -6   3   3  -5   1   2  -3   0   0  -5  -2   2    7   0   0   0   1   0   0   2   0  15  32   0   3   7   1   9   6   0   1  15  0.57 0.35
  176 P    -2  -7  -5  -5  -6  -5  -6  -3  -7  -6  -2  -6  -2  -7   8  -2  -1  -8  -2  -4    4   0   0   1   0   0   0   3   0   0   5   0   1   0  75   3   3   0   2   2  2.25 1.00
  177 I    -1  -4   1  -1  -3   0   0  -3   0   0   0  -4   0   1   4   0  -1  -1   1   1    3   0   7   2   0   5   7   2   3   5   9   0   2   6  22   6   4   1   4  10  0.30 0.25
  178 M     1  -6  -6  -7   0  -3  -6  -4  -4   2   3  -6   4   4  -2  -4  -1   0  -1   0   11   0   0   0   2   1   0   1   0   9  31   0  10  19   2   1   3   1   2   5  0.73 0.42
  179 I    -3  -4  -4  -6  -4  -2  -6  -5  -1   4   2  -5   1   5  -5  -3  -2  -3   2   3    2   1   1   0   0   2   0   1   2  20  19   0   3  20   0   2   2   0   6  19  0.74 0.40
  180 Y    -3  -4  -3  -5  -4  -4  -6   3   1   0   1  -4   1   5  -6  -2  -1  -1   4   0    2   1   1   0   0   0   0  21   3   5  12   1   4  24   0   3   3   1  13   5  0.67 0.39
  181 A    -1   2  -2  -2  -4  -1  -1  -1   2  -3  -2  -1  -2   1  -3   1   0   8   2  -2    5  13   1   2   0   3   3   6   5   1   4   3   1   5   1   9   7  21   5   4  0.62 0.38
  182 G    -1   1   3   1  -4   0   0   1   1  -2  -4   0  -3  -3  -3   3   2   1  -2  -3    4   7  13   7   0   4   5   9   3   2   1   6   0   1   1  21  13   2   1   1  0.33 0.28
  183 L    -1   2  -1  -2  -1  -1  -2  -3  -1   1   1  -1   1  -2  -2   0   2  -2  -1   2    5  14   2   2   1   2   2   1   2   6  15   3   4   1   2   7  15   1   2  14  0.19 0.19
  184 R    -2   2   0  -1  -4   2   0  -3   1   0  -1   1  -2   0  -2   0   0  -3   5   0    3   9   4   3   0   9   5   2   3   5   5   9   1   3   1   6   5   0  20   8  0.27 0.23
  185 S    -1  -1  -1   1  -2   0   1  -2   1   2  -1  -1  -1  -2   1   0   1   1   0   1    5   3   2   8   0   5  10   3   4  12   4   3   1   1   7   8   7   2   4  11  0.10 0.12
  186 N    -1   0   1   1  -2   0   1  -1  -2  -1  -2   0   0  -1   4  -1   0  -1  -2  -1    4   5   6   9   1   4   9   5   1   4   4   6   3   3  18   4   6   1   1   6  0.19 0.16
  187 Q    -1   0   1   2  -5   1   4   0   3  -3  -3  -1  -3  -5   2   0  -1  -5  -1  -3    4   4   6   9   0   6  27   6   6   1   3   3   0   0   9   6   3   0   2   2  0.41 0.31
  188 W    -1  -1   1   1  -3   0   1   3   0  -2  -1   0  -2   0  -1   0  -1   0   1  -2    2   4   7   7   0   4   9  23   2   1   6   6   1   5   3   6   4   1   6   3  0.17 0.14
  189 G    -3   0   4   1  -2  -1   0   3   0  -3  -1  -1   1  -4   0   0   0  -3  -4  -2    1   4  19   7   1   2   6  20   2   1   6   4   4   1   4   7   6   0   0   3  0.30 0.24
  190 R     0   2   1   0  -3   2   0  -1   2   1  -1   1   0  -1  -2   0  -1  -3  -1   0    6  10   6   5   0  10   4   3   6   9   7  12   2   2   1   5   3   0   1   7  0.10 0.11
  191 S    -1  -1   0  -3   3  -3  -2  -2  -1   1  -1  -2  -1  -1   0   0   4  -1   2   1    4   3   4   1   7   0   3   2   1   8   5   2   1   2   5   8  25   1   6  11  0.28 0.25
  192 S     0  -1   0  -1   0   1  -1  -1   0   0   0   0   0  -1  -3   2   2  -4   0   1    7   4   3   3   2   6   2   3   2   5   7   5   2   3   0  21  12   0   4  10  0.14 0.17
  193 C    -3  -5  -6  -5  11  -4  -7  -6  -4  -5  -3  -8  -7  -6  -5  -3  -3  -8  -6  -3    3   1   0   1  81   1   1   1   0   1   3   0   0   0   1   2   2   0   0   2  3.46 1.24
  194 T    -1   0  -1  -1   0  -1  -2   2   1   0   0  -2   0   2  -3   0   1   1   2   0    4   5   2   3   2   3   2  15   4   4   9   1   3   8   1   7  11   2   8   8  0.11 0.13
  195 I    -1  -2  -1   1  -1  -2   1  -2  -3   1   1  -2   1   2   2  -1  -1   0  -1   1    4   1   3   8   1   1  12   2   0   8  12   1   3  11  11   4   4   1   2   9  0.16 0.16
  196 N    -1  -1   2   4   4  -1   0  -3   2  -1  -1   0  -2   0  -2  -1  -1  -4  -1  -1    5   2  10  22   8   2   6   2   5   4   6   6   1   5   2   4   4   0   2   5  0.25 0.20
  197 W    -2  -4  -4  -5   2  -4  -3  -4  -1  -3   0  -1  -1   4  -3  -2  -1   7   6  -3    3   1   1   1   5   1   2   2   1   1  11   4   1  18   2   4   3  15  25   2  1.02 0.50
  198 P    -1  -1  -1  -1  -2  -1  -1   0  -1  -2  -2  -1  -1  -3   5   0  -1  -1   3  -2    4   3   3   3   1   2   5   8   1   2   4   3   2   1  32   8   4   1   9   3  0.53 0.34
  199 G    -1  -1   1   0   0   0   1   1   0  -2  -2  -1  -1   0   0   2   2  -2  -1  -2    3   2   8   4   2   3  10  11   3   2   2   3   2   5   5  16  14   0   2   3  0.16 0.17
  200 E    -2   1   0   2   3   0   2  -1   1  -2  -1   0  -2  -1   1   0  -1   1  -1  -1    2   9   3  11   7   4  14   4   3   2   5   5   0   3   7   8   3   2   1   4  0.16 0.15
  201 S     0  -1   1   2   0   1   1  -1   0  -2  -2   0  -2  -1  -1   1   1   0  -2  -1    8   2   8  11   2   7   9   5   2   2   5   6   1   3   3  13   9   1   1   3  0.13 0.13
  202 G    -1  -1   0   0  -3   2   1   0   2  -1  -1  -1  -1   0   0   0   0   2   0   0    5   3   3   4   0  10   8   8   5   3   6   3   1   5   5   7   7   3   2   9  0.06 0.09
  203 A     1   1   0  -1  -3   0   0   0  -1   0  -1   1  -1  -1   1   1   1  -2  -1   0   12   7   3   3   0   4   5   6   1   6   6   9   2   3   7   9   9   0   2   5  0.06 0.07
  204 W    -1  -1  -2  -3  -4  -2  -3  -2   0  -1   0  -1   1   3  -2  -1   0   8   2   1    5   4   2   1   0   1   1   4   3   3  10   3   3  10   2   4   6  22   6   9  0.60 0.33
  205 Y    -2   1   3  -2  -3   0  -1  -2   2  -1   0   0   2   1   0   0  -2   4   3  -1    2   7  14   2   0   3   5   2   6   3   8   5   6   5   4   6   1   6  10   5  0.23 0.19
  206 T    -1   2   2  -1  -4   2   0  -3   2  -1  -1   2  -1  -1  -1   0   1  -4  -3   0    4  12   9   2   0   9   4   1   4   4   7  11   1   3   3   7   9   0   0   8  0.16 0.16
  207 G     2  -3  -1  -3  -3  -1  -2   0  -2   0   0  -3  -2   1  -1   2   1   1   2   1   19   1   3   1   0   3   1   7   1   6   7   1   1   6   3  16   7   2   7   9  0.19 0.19
  208 F    -4  -2  -4  -6  -3  -4  -6  -5   2   1   1  -5   3   4  -6  -3  -3   3   7   0    1   3   1   0   0   1   0   1   4   7  13   0   8  13   0   3   1   3  33   7  1.04 0.51
  209 I     0  -1   0  -3  -3  -1  -3  -1  -1   1   0  -1   1   0  -4   0   2   0  -1   2    9   4   5   1   0   3   1   5   2   7   8   2   4   4   0   8  15   1   1  19  0.17 0.18
  210 I    -3  -5  -1  -5  -3  -2  -4  -3  -2   4   3  -4   2   1  -5  -2   1   2   1   2    2   0   3   0   0   2   1   2   1  21  25   1   5   6   0   3   9   3   5  12  0.51 0.31
  211 Y     0  -3  -4  -4   2  -2  -1  -2  -3   1   1  -2   1   3  -4   0   0   4   3   1    9   1   0   0   4   2   4   2   0   9  11   3   3  11   0   7   7   5  12  11  0.28 0.21
  212 T    -1   1   0  -2  -1  -1  -2  -4   0   2   2  -1   3   0  -2   0   0  -4  -1   1    4   8   4   2   1   3   2   0   3  12  19   3  10   3   1   9   7   0   2   9  0.19 0.18
  213 F    -1  -5   1  -4   1  -3  -3  -4  -1  -1   0  -5   1   6  -5   1   1  -4  -1   0    5   0   8   1   3   1   1   1   2   4  10   0   4  35   0  11   7   0   1   6  0.69 0.42
  214 I    -1  -6  -5  -6   1  -3  -6  -2  -6   4   3  -6   0   2  -6  -2   0  -4  -4   3    4   0   0   0   3   1   0   3   0  21  25   0   2  10   0   3   5   0   0  21  0.68 0.38
  215 L     0  -6  -5  -6   1  -5  -6  -2  -5   2   3  -6   0   4  -4  -3   1  -1  -3   3    7   0   0   0   3   0   0   4   0  10  26   0   2  17   1   2   8   1   0  19  0.63 0.37
  216 G    -1  -4  -3  -4   4  -1  -2   4   3   0  -1  -4  -2   1  -3   0  -1   1  -1   0    4   0   1   0   8   3   3  33   7   5   5   0   1   6   1   8   3   2   2   8  0.49 0.32
  217 F    -8  -8  -8  -9   1  -8  -8  -5  -6  -3  -1  -8  -4   9  -9  -8  -7  -5   5  -2    0   0   0   0   3   0   0   1   0   1   5   0   0  69   0   0   0   0  17   2  2.58 1.02
  218 L    -1  -6  -6  -7   2  -6  -6  -4  -5   3   3  -6   0   4  -6  -3  -3   2   2   2    5   0   0   0   4   0   0   1   0  14  31   0   2  14   0   2   1   3   7  14  0.76 0.41
  219 V    -2  -6  -4  -7  -2  -6  -6  -3  -6   5   4  -6   0   2  -3  -6  -2  -3  -5   3    4   0   1   0   1   0   0   3   0  26  34   0   2   7   2   0   3   0   0  18  0.92 0.47
  220 P    -7  -9  -6  -8  -9  -8  -8  -9  -9  -6  -9  -8  -3  -5   9  -5  -8 -10  -9  -3    0   0   0   0   0   0   0   0   0   0   0   0   1   1  94   1   0   0   0   3  3.40 1.39
  221 L    -3  -7  -6  -7   0  -6  -7  -2  -7   0   5  -7   3   4  -7  -3  -2  -3  -4   1    2   0   0   0   2   0   0   4   0   4  51   0   7  15   0   2   3   0   0   9  1.08 0.55
  222 T     1  -5  -5  -6   0  -5  -5   0  -6   2   3  -5   0   1  -4   1   0  -5  -4   2   12   0   0   0   2   0   0   7   0  10  32   0   2   6   0  10   6   0   0  14  0.51 0.35
  223 I     0  -7  -6  -7  -2  -6  -7  -5  -7   6   1  -6  -1  -1  -7  -4   0  -7  -5   4    7   0   0   0   1   0   0   1   0  37  14   0   1   3   0   1   7   0   0  28  1.14 0.56
  224 I    -5  -7  -5  -8  -6  -7  -8  -8  -8   6   0  -7   8  -2  -6  -5  -1  -7  -3   1    1   0   1   0   0   0   0   0   0  45   8   0  30   1   0   1   4   0   1   7  1.80 0.80
  225 C     1  -5  -4  -5   3  -5  -5   0  -5   3   2  -5   0   1  -5   1   1  -5  -4   2   11   0   0   0   5   0   0   6   0  16  19   0   2   6   0  10  10   0   0  14  0.46 0.32
  226 L     0  -5  -6  -6  -2  -6  -6  -1  -3   2   1  -6  -3   5  -6  -2   0  -1   3   3    6   0   0   0   1   0   0   5   1  12  12   0   0  25   0   4   5   1   9  19  0.71 0.40
  227 C    -2  -8  -5  -8  10  -7  -8  -7  -8   0   0  -8  -2   2  -8   1   0  -7  -2  -1    4   0   0   0  52   0   0   0   0   5   8   0   1   7   0  12   6   0   2   4  1.99 0.84
  228 Y    -7  -8   0  -9  -9  -5  -8  -9  -1  -6  -8  -8  -7  -2  -9  -2  -3  -4  10  -8    0   0   5   0   0   1   0   0   1   0   0   0   0   1   0   3   2   0  87   0  3.36 1.33
  229 L     0  -3  -3  -5   2  -3  -4   2  -1   0   1  -4   0   0  -5   1   2   1   1   1    6   1   1   0   4   1   0  18   1   4  15   0   2   5   0  14  13   2   5  10  0.29 0.26
  230 F    -1   4  -2  -2  -1   1  -2  -1   1  -1   2   2   0   2  -5  -2  -2  -5  -3  -1    4  25   2   2   2   6   2   5   3   4  19  11   2   7   0   3   1   0   0   4  0.36 0.28
  231 I    -5  -8  -8  -8  -6  -7  -7  -8  -8   7   2  -6   4  -5  -8  -7  -1  -7  -6   2    0   0   0   0   0   0   0   0   0  58  15   0   9   0   0   0   4   0   0  13  1.76 0.76
  232 I     1  -3  -5  -6  -1  -4  -5   0  -5   3   2  -5  -1   3  -5  -1  -1   4   1   2   11   1   0   0   1   1   0   7   0  15  18   0   1  14   0   4   4   5   5  12  0.44 0.29
  233 I    -1   4  -1  -5   4   1  -4  -3   1  -1   0   2  -1  -1  -5  -2  -2   1   0  -1    5  26   2   0   8   6   0   1   4   4  11  11   1   3   0   3   2   2   4   5  0.43 0.31
  234 K     1   2  -2  -4  -1  -1   0  -3   0   1  -2   2  -3  -2  -4   0   3  -5  -2   0   14   9   1   0   1   2   5   1   2   7   3  15   0   2   0   5  21   0   2   8  0.32 0.28
  235 V     0  -5  -7  -7  -5  -6  -6  -6  -7   3   5  -5   2  -3  -5  -4  -2  -6  -3   3    9   0   0   0   0   0   0   0   0  16  50   0   4   0   0   1   2   0   1  15  1.08 0.54
  236 K    -2   4  -3  -5  -1   1  -3  -3   2  -1   0   3  -2   1  -5  -1  -2   6   0  -3    4  22   1   0   1   6   0   1   4   3   9  20   1   5   0   4   2  10   3   1  0.59 0.37
  237 S     2   4   1  -2  -1   2  -1  -2   2  -4  -3   3  -2  -1  -4   0  -1  -5  -3  -3   16  21   5   2   1  10   3   3   4   1   3  15   1   3   0   6   3   0   1   2  0.41 0.29
  238 S     2   2   0  -1   0   3  -2  -1   3  -2  -3   0  -1  -4  -1   2   0  -4  -3   0   15  10   5   3   2  12   1   4   7   2   2   5   1   0   3  17   4   0   1   7  0.25 0.22
  239 G     2   1   0  -1  -3   1   0   1   2  -1  -1  -1  -2  -2  -1   0  -1  -3  -1  -1   22   8   4   3   0   5   6  11   6   3   8   3   1   1   2   7   3   0   2   4  0.14 0.13
  240 I     0   2  -1  -1  -1   2  -1  -1  -1   0   1   1   2  -1  -2  -1  -1   0  -1   1    7  13   2   2   1  10   3   4   2   4  12   8   7   2   2   5   4   2   1   9  0.09 0.10
  241 R    -1   4   0  -1  -2   4  -1  -2  -1  -2  -1   1  -1  -2   2  -2  -1  -4  -3  -2    5  21   4   3   1  18   3   3   2   3   6   9   1   2   9   2   3   0   0   3  0.37 0.25
  242 V     0   0   0  -2   0   2   0   1  -1   1  -1   0   1  -1  -2   1  -1  -3   0   0    6   5   6   1   2  10   4  10   1  12   6   6   3   2   2  11   3   0   3   8  0.06 0.09
  243 G     0   1   0   0  -2   1   1   1   2  -3  -2   1  -2  -2   0   1   0  -1  -2  -2    8   9   4   5   1   6  11  11   6   1   3   8   0   2   5  13   5   1   1   2  0.16 0.13
  244 S     1  -1   0  -1  -2   0   1  -1  -1  -1  -1   1  -2  -2   0   3   1  -2  -3  -1   10   3   4   3   1   4   8   5   1   3   6   8   1   2   4  27   7   1   1   4  0.20 0.18
  245 S     1   2   1  -1   0   1   0  -1   0  -1  -1   1   0  -2  -2   2   0  -1  -2  -1   11  11   7   3   2   8   6   4   3   3   5   7   2   2   1  16   5   1   1   3  0.13 0.12
  246 K     0   2   0   0   0   1   1  -1   0  -2  -2   2  -2  -2  -1   1   1  -3  -2  -2    6  14   3   5   2   5  10   4   2   2   5  13   1   1   3  10  10   0   1   2  0.18 0.15
  247 R    -2   4   1  -1  -3   1  -1  -2   2  -2  -2   2  -2  -3  -1   0   2  -4  -3  -1    2  22   6   4   0   7   4   2   4   3   3  14   1   1   3   7  11   0   1   4  0.34 0.24
  248 K     0   2   0   0  -1   3  -1  -1  -1  -1   0   0   0  -3   0   1  -1   0   0  -2    8  13   4   4   1  15   2   5   1   3   9   5   2   1   5   9   3   1   4   3  0.13 0.14
  249 K    -1   4  -2  -2  -3   2   0   0   1  -3  -2   4  -1  -3   0   0  -2  -3  -3  -3    5  20   1   1   1   8   5   6   3   1   5  24   1   1   5   8   2   0   1   2  0.43 0.28
  250 S     2   3   0  -2  -1   1  -1  -2   0  -2  -2   2  -3  -2   0   0  -1  -1  -2  -1   20  14   4   2   1   6   4   3   2   2   3  13   0   2   4   8   4   1   1   6  0.20 0.17
  251 E    -3   3   0  -1  -5   0   4  -3   0  -3  -2   4  -1  -4  -3  -1  -1   0  -2  -2    2  15   4   3   0   3  27   2   2   1   4  21   1   1   1   3   3   1   1   3  0.57 0.33
  252 K    -1   4  -1  -2   0   0  -2  -2   2  -1  -2   3  -1  -2  -1  -1   0   0  -2  -1    5  26   2   3   2   4   1   3   6   4   4  20   2   2   3   3   5   1   1   4  0.39 0.26
  253 K    -4   5  -3  -2  -7   0   1  -5   1  -6  -5   6  -5  -7  -5  -3  -3  -4  -6  -4    1  29   1   2   0   4  10   1   3   0   1  43   0   0   0   2   1   0   0   1  1.33 0.65
  254 V     4  -4  -4  -3  -4  -4  -5  -4  -1   1   0  -5  -1  -3  -1   0   2  -6  -3   4   31   1   0   2   0   0   0   1   1   7   8   0   1   1   4   5  11   0   1  25  0.61 0.41
  255 T     2  -3  -2  -5  -2  -3  -3  -3  -4   2   2  -2   1   1  -5  -1   3  -5  -4   2   19   1   2   0   1   1   1   1   0  10  18   3   3   6   0   5  16   0   0  13  0.36 0.28
  256 R    -3   6  -3  -6  -7  -2  -5  -3  -1  -3  -3   6  -4  -3  -5  -4  -3   0  -2  -1    2  36   1   0   0   2   0   2   2   2   3  40   0   1   0   1   2   2   2   4  1.31 0.66
  257 M    -3  -6  -3  -7  -6  -5  -6  -6  -1   1   2  -4   7  -2  -5  -1   3  -6  -4   2    1   0   2   0   0   0   0   0   1   8  19   1  30   2   0   5  19   0   0  11  1.07 0.58
  258 V     0  -6  -6  -7  -3  -4  -6  -5  -6   4   3  -6   3  -2  -6  -2   0  -6  -5   4    8   0   0   0   1   0   0   1   0  21  26   0   6   1   0   3   5   0   0  28  0.90 0.47
  259 S     0  -3  -6  -6  -1  -5  -6  -1  -5   3   2  -5   2   4  -5  -2  -2  -1  -3   3    9   1   0   0   2   0   0   6   0  14  20   0   5  19   0   3   3   1   0  17  0.59 0.35
  260 I     2  -6  -6  -6   1  -5  -6  -3  -6   4   1  -5   1  -3  -6  -1   1  -6  -5   4   18   0   0   0   3   0   0   2   0  19  12   0   3   1   0   4  10   0   0  27  0.74 0.43
  261 V    -2  -7  -3  -7  -1  -6  -7  -7  -4   4   1  -6   5  -2  -7  -5  -1  -7  -3   5    4   0   1   0   1   0   0   0   0  25  10   0  11   1   0   1   4   0   1  40  1.18 0.57
  262 V    -2  -7  -5  -7  -2  -5  -6  -6  -7   2   1  -6   4   0  -7  -5  -2  -7  -5   6    4   0   1   0   1   0   0   1   0  10  13   0  10   4   0   1   3   0   0  52  1.26 0.61
  263 A     2  -5  -5  -6  -1  -5  -5   1  -6   2   2  -5  -1   1  -5  -1   0  -5  -4   3   18   0   0   0   1   0   0  11   0  12  19   0   1   5   0   4   5   0   0  23  0.55 0.35
  264 V     2  -5  -5  -6   0  -3  -5  -1  -6   2   2  -5  -1  -3  -5   0   0  -6  -5   4   19   0   0   0   2   1   0   5   0   9  17   0   1   1   0   7   6   0   0  31  0.61 0.39
  265 F    -6  -9  -9  -9  -4  -9  -9  -8  -7  -6  -5  -9  -6   9  -6  -5  -8   2   3  -4    1   0   0   0   1   0   0   0   0   0   0   0   0  85   0   1   0   3   8   1  3.13 1.17
  266 I     2  -6  -6  -6   1  -5  -6  -3  -6   2   2  -5   0   5  -6  -3  -1   0  -2   2   19   0   0   0   3   0   0   2   0  10  22   0   2  20   0   1   4   1   0  15  0.69 0.40
  267 F     0  -6  -7  -7   0  -6  -6  -4  -5   4   4  -6   0   0  -6  -4  -2  -6  -5   4    6   0   0   0   2   0   0   1   0  22  32   0   2   4   0   1   2   0   0  25  0.95 0.48
  268 C    -1  -9  -8  -9  11  -8  -9  -7  -8  -7  -2  -8  -2   1  -8   1  -4  -8  -7  -6    5   0   0   0  71   0   0   0   0   0   4   0   1   6   0  12   1   0   0   0  3.06 1.15
  269 W    -8  -9 -10 -11  -4  -2 -10 -10  -9  -9  -6  -7  -8   5 -11  -6  -9  12   0  -9    0   0   0   0   0   2   0   0   0   0   0   0   0  20   0   1   0  73   3   0  4.09 1.48
  270 L     1  -6  -6  -6   0  -5  -6  -1  -6  -1   4  -5   2   1  -6  -1   2  -2  -5   1   13   0   0   0   2   0   0   5   0   2  38   0   5   5   0   5  15   1   0   9  0.66 0.43
  271 P    -7  -9  -9  -8 -10  -8  -8  -9  -9 -10  -7  -8  -9 -11   9  -8  -8 -11 -10  -9    0   0   0   0   0   0   0   0   0   0   1   0   0   0  99   0   0   0   0   0  3.75 1.49
  272 F    -7  -7  -2  -8  -2  -7  -5  -8   1  -1   1  -7  -5   5  -5  -3  -4  -4   8  -4    0   0   2   0   1   0   1   0   3   4  11   0   0  23   1   3   1   0  49   1  1.86 0.83
  273 Y    -1  -3   4  -5  -6   1  -4  -5   8  -3  -2  -5  -4   3  -6  -1  -1   0   1  -4    6   1  18   0   0   6   1   1  37   2   4   0   0  11   0   5   3   1   4   1  1.27 0.62
  274 I     0  -5  -6  -6   0  -5  -6  -4  -6   5   2  -5  -1   2  -5  -2  -1   0  -4   4    7   0   0   0   2   0   0   1   0  27  20   0   1   7   0   3   4   1   0  26  0.82 0.42
  275 F     1  -3  -4  -1  -1  -3  -5  -5  -3   2   2  -4   1   4  -5  -1   0   0   0   3   12   1   1   4   1   1   0   0   1  10  17   0   3  16   0   4   6   1   2  20  0.42 0.28
  276 N     0   2   3  -2  -2   1  -3  -1   0   0   1  -1  -1   0  -3   0   0  -1  -1  -1    8  12  14   1   1   7   0   4   2   5  16   3   1   3   1   9   6   1   2   4  0.15 0.18
  277 V    -3  -6  -5  -7   3  -6  -6  -6  -4   3   4  -5   2   3  -5  -4   0  -2  -1   2    2   0   1   0   7   0   0   0   1  17  37   0   5  10   0   1   6   1   2  11  0.83 0.44
  278 S     0  -4  -4  -6  -2  -3  -4  -5  -2   2   3  -4   2   1  -3  -2   0   5   0   3    8   0   0   0   1   1   1   1   1  12  25   1   5   6   2   3   5   7   3  18  0.52 0.32
  279 S     1   0   0   2  -4   0   0   0   3  -1  -2  -1  -1   0  -3   1  -1   2   1   0   10   5   4  14   0   3   6   6   9   3   4   3   1   5   1  10   4   3   4   6  0.14 0.14
  280 V     1  -3  -2  -2  -1  -2  -2  -2  -2   1   1  -3   0   1   0   0   2   2   2   1   15   1   1   2   1   2   2   2   1  10  13   1   2   5   4   6  12   3   7  11  0.19 0.19
  281 S     0  -4  -1  -2  -5  -3  -3  -2   2   1   1  -4  -2   5  -3  -1  -1   3   2  -1    7   1   3   3   0   1   2   3   5   9  15   1   0  25   1   5   4   4   7   5  0.47 0.30
  282 M    -1   0   0   0   1   1   0   0   1   0   0  -1   1   1  -1   0   0   2   0   0    5   5   6   5   4   7   4   7   5   4  10   3   4   6   2   7   4   3   3   5  0.02 0.05
  283 A    -1   0   1   2  -2   0   0   1   1  -3  -2  -1  -3  -2   2   1   0  -1   1  -2    5   6   7  11   1   4   5  10   3   1   4   2   0   2  11  12   6   1   5   2  0.17 0.17
  284 I    -1  -3  -1  -1   7  -1  -1  -1   1   0   0  -1  -2   2  -1   0  -1  -4   0  -1    6   1   3   4  23   3   4   5   3   6   9   3   1   8   3   7   4   0   3   5  0.39 0.26
  285 S     0  -1   1   0  -2   2   1  -1   1  -1  -2  -1  -1  -2   1   1  -1  -1   1  -2    6   4   7   6   1   9  11   4   4   4   3   3   2   2   7  13   4   1   6   3  0.13 0.15
  286 P     0  -1  -1   0  -1   0  -1   0   0   0   0  -1   1   1   2   1   0   2   0  -1    8   3   3   5   1   5   4   6   2   6   8   1   4   7  11  11   5   3   2   4  0.07 0.08
  287 T     0   0   0   0  -1   0   1  -2   1  -2  -1   0  -2   0  -1   2   1   2  -1  -1    7   5   4   6   2   3  10   3   4   2   8   6   0   4   3  15  10   3   2   3  0.10 0.12
  288 P    -2   0   2   1   1   0   1  -2   2  -3  -1   2  -3  -5   3   0  -1  -5  -2  -3    3   6   9   9   3   4  10   2   5   2   6  12   0   0  16   7   3   0   1   2  0.30 0.23
  289 A     1   1   0  -2  -3   0  -2  -2   1   1   0  -1  -1   1   0   1   1  -2   0   1   11   8   5   2   0   4   2   2   4   8   9   2   0   7   5   9   9   0   3   9  0.08 0.11
  290 L    -1  -2  -3  -3  -1  -3  -3  -1  -2   2   3  -3   0   1   1  -1   0  -2   1   1    4   3   1   1   1   1   2   5   1  13  26   1   2   6   8   5   5   0   4  10  0.24 0.18
  291 K     0   0   1   2   0   1   0  -2   2  -1  -1   0  -1   1   1  -1  -1   1   2  -2    7   5   7  12   3   6   4   2   6   3   5   7   2   5   7   4   4   2   7   3  0.11 0.12
  292 G     0   0  -2  -2  -3   0   0  -1  -1   0   0   0   0   0  -2  -1   1   3   3   0    9   5   1   2   0   4   6   6   1   7  11   5   2   3   2   5  10   4  12   5  0.11 0.13
  293 M     4  -5  -5  -6   0  -5  -5  -1  -4   1   2  -4   1   1  -4  -2   1   1  -4   2   30   0   0   0   2   0   0   4   0   7  16   1   4   7   1   3   7   2   0  16  0.51 0.35
  294 F    -2  -1  -1  -4  -5  -4  -4  -4   0   1   2  -1   3   4  -2  -1  -1  -1   5   0    2   3   3   1   0   0   0   1   2   8  17   5   8  17   2   4   3   1  18   5  0.52 0.32
  295 D    -1  -2   0   0  -4   1   0  -4   2   1   0  -1   0  -1   2   0   1  -3   1  -1    5   2   4   5   0   8   7   0   6  10   8   2   2   2  11   9   9   0   5   5  0.15 0.17
  296 F     1  -6  -6  -7  -2  -6  -6  -4  -4   4   2  -6  -2   3  -3  -3  -2   3  -1   4   10   0   0   0   1   0   0   1   0  23  16   0   1  14   1   2   2   3   2  23  0.79 0.42
  297 V     1  -5  -4  -5   4  -5  -5  -2  -5   0   0  -5  -1   1   1   1   4  -5  -1   0   14   0   0   0   9   0   0   3   0   4   9   0   1   5   7  10  28   0   2   8  0.55 0.39
  298 V     0   0   0  -3  -2  -1   1  -2   3   1   1  -2   0   0  -3   0   1  -3   1   1    7   5   4   1   1   2   9   2   7   9  17   1   2   3   1   5   9   0   4  10  0.12 0.14
  299 V     0  -5  -4  -6   6  -5  -5  -2  -4   0   1  -4  -2   3  -1   0  -1   7  -2   1    9   0   1   0  14   0   0   4   0   5  14   1   1  10   3   7   5  15   1   9  0.72 0.40
  300 L    -5  -7  -8  -8  -1  -7  -8  -8  -7   2   5  -7   1   5  -7  -6  -4  -6  -5  -1    1   0   0   0   1   0   0   0   0  12  57   0   3  20   0   1   1   0   0   4  1.50 0.69
  301 T     6  -6  -6  -6  -3  -6  -6   2  -6  -3  -5  -6  -1  -3  -4   3   1  -7  -5  -4   53   0   0   0   0   0   0  14   0   1   1   0   2   1   1  18   7   0   0   1  1.22 0.68
  302 Y    -2  -5  -2  -5  -2  -5  -6  -5   2  -4  -2   3   3   4  -6   1  -1   1   6  -4    4   0   2   1   1   0   0   1   4   1   3  15   8  15   0  12   4   2  28   1  0.96 0.56
  303 A     2  -5  -5  -6   1  -5  -5  -3  -5  -1   2  -5   0   3  -6   3   1  -5  -1   0   19   0   0   0   3   0   0   2   0   2  20   0   2  12   0  21   9   0   2   7  0.56 0.41
  304 N    -2  -2   8  -5  -2  -6  -6  -5   5  -9  -9  -4  -8  -8  -7   3  -6  -9  -5  -7    4   2  59   0   1   0   0   1  13   0   0   1   0   0   0  19   0   0   0   0  2.05 0.95
  305 S     1  -7  -3  -6   7  -6  -6  -5  -7  -5  -6  -6  -7  -8  -7   6   1  -8  -7  -4   10   0   1   0  18   0   0   1   0   1   1   0   0   0   0  58   9   0   0   1  1.78 0.89
  306 C     1  -8  -8  -8  10  -7  -8  -5  -8   1  -4  -8   2  -2  -8   0  -3  -8  -7   2   13   0   0   0  50   0   0   1   0   8   1   0   5   2   0   6   2   0   0  12  2.02 0.85
  307 A    -1  -6  -6  -7   1  -6  -6  -5  -1   2   4  -6   3   2  -7  -4  -3  -5   4   2    6   0   0   0   3   0   0   1   2  12  33   0   6   7   0   1   1   0  15  13  0.84 0.45
  308 N    -8  -7   9   4  -9  -6  -6  -7  -6 -10 -10  -5  -9 -10  -8  -4  -5 -10  -9  -9    0   0  80  18   0   0   0   0   0   0   0   1   0   0   0   1   0   0   0   0  2.93 1.20
  309 P    -3  -9  -9  -8 -10  -8  -8  -9  -9  -9  -7  -8  -9 -10   9  -7  -5 -11 -10  -6    3   0   0   0   0   0   0   0   0   0   1   0   0   0  95   0   1   0   0   1  3.50 1.42
  310 I    -5  -7  -8  -8  -2  -7  -8  -6  -7   6   2  -7   1   3  -8  -6  -4   1  -5   3    0   0   0   0   1   0   0   1   0  41  18   0   4  13   0   0   1   2   0  19  1.36 0.62
  311 L    -2  -8  -8  -8  -1  -7  -8  -8  -8   6   4  -8  -1  -1  -8  -7  -6  -7  -6   2    3   0   0   0   1   0   0   0   0  49  30   0   1   2   0   0   0   0   0  13  1.59 0.69
  312 Y    -9  -9  -9 -10  -9  -8  -9 -10  -3  -8  -3  -9  -8   0 -10  -9  -8  -5  10  -8    0   0   0   0   0   0   0   0   0   0   3   0   0   3   0   0   0   0  93   0  3.81 1.44
  313 A     3  -6  -1  -6   5  -5  -5   1  -5   1  -2  -5   0   1  -4  -1  -2  -5   4   2   25   0   3   0  10   0   0  10   0   6   3   0   2   6   0   3   2   0  12  15  0.60 0.39
  314 F    -5  -7  -7  -8   3  -7  -7  -8  -3   1   2  -7  -1   7  -8  -5  -3   3   2  -1    1   0   0   0   6   0   0   0   1   8  17   0   2  49   0   1   2   4   6   4  1.57 0.67
  315 L     0   0  -5  -6  -3  -5  -5  -5  -5   0   3  -3   5   3  -6   0   0  -4  -3   2    7   5   0   0   0   0   0   0   0   4  24   1  17  11   0   8   5   0   1  16  0.64 0.39
  316 S    -3  -4   5   0   2  -4  -5   3   2  -1  -6  -3  -6  -5  -6   3  -1  -7   0  -6    2   1  25   5   4   1   0  24   5   4   0   1   0   0   0  22   4   0   4   0  0.87 0.52
  317 D    -1   2  -1   0  -6   2   2  -2   2  -5  -4   4  -5  -6   3   0  -2  -6  -4  -3    5  10   2   5   0  10  13   3   4   0   1  24   0   0  13   6   2   0   1   2  0.56 0.38
  318 N    -3   2   4   1  -6   3   0  -1   1  -6  -3   3  -5  -6  -4   0  -1   3  -4  -5    2  11  17   7   0  11   5   4   3   0   2  21   0   0   1   7   4   4   0   0  0.58 0.39
  319 F    -6  -8  -8  -9  -2  -8  -9  -7  -7  -3  -3  -8  -3   9  -7  -5  -4  -5   3  -4    0   0   0   0   1   0   0   0   0   1   3   0   1  81   0   1   2   0   8   1  2.85 1.08
  320 K    -7   8  -4  -7  -4   3  -5  -7   0  -7  -5   2  -3  -6  -4  -4  -4  -6  -6  -7    0  68   0   0   0  10   0   0   2   0   1  12   1   0   1   1   1   0   0   0  2.04 0.91
  321 K     0   3   2   0  -5   1   1  -3   2  -2  -3   4  -2  -5  -4  -1  -1  -6  -1  -2    8  14   9   5   0   7  10   2   4   2   2  23   1   0   0   5   2   0   2   3  0.42 0.30
  322 S     2   1  -2   0   5  -1   0   0   2  -3  -3   0  -2  -2  -4   0   0  -4   2  -2   20   9   2   5  12   3   7   7   5   1   2   5   1   2   0   6   6   0   7   2  0.30 0.25
  323 F    -3  -5  -6  -7  -1  -6  -6  -6  -5   2   4  -4   4   6  -5  -4  -4  -1   1   0    2   0   0   0   1   0   0   0   0   9  32   1   9  30   0   1   0   1   5   7  1.07 0.51
  324 Q    -2   3  -2  -4   1   2  -3  -5   1   0   0   3   2  -2  -2   0  -1   2   0  -2    3  19   1   0   3  10   0   0   3   7  10  16   6   2   1   7   3   3   3   2  0.37 0.29
  325 N     0   2   1  -1  -2   2   1  -2   2  -3  -2   3  -1  -3  -4   1   1  -4  -1  -3    8  13   5   2   1   9   9   3   5   1   4  15   2   1   0  10   8   0   2   1  0.28 0.24
  326 V     0  -3  -5  -5   1  -2  -4  -4  -2   3   3  -1   2   1  -5  -1   1  -4  -1   1    9   1   0   0   3   2   0   0   1  19  24   4   5   7   0   5  10   0   1   9  0.40 0.27
  327 L    -4  -4  -5  -7   3  -6  -7  -4  -4   0   5  -6   1   5  -1  -6  -5  -3  -2   0    1   1   0   0   5   0   0   2   0   5  49   0   3  22   3   0   0   0   1   5  1.13 0.55
  328 C    -1   3  -3  -5   8  -2  -4  -1   2  -4  -3   1  -3   0   1   0  -2   1  -1  -4    5  15   1   0  28   2   0   4   5   0   3   8   0   5   8   8   3   2   2   1  0.80 0.43
  329 L    -1   1  -3  -4   8  -2  -4  -1  -1  -1   1  -2   0  -1  -3   0  -2   3  -1  -2    4   9   1   1  30   2   1   6   2   4  14   2   3   2   1   8   2   4   2   3  0.72 0.39
  330 V    -1   1  -2  -2   4   0  -1   1   1   0   0   0   0   0   1  -1  -1   1  -1   0    5  11   1   1  10   5   2  10   3   4  12   6   3   4   6   4   3   2   2   5  0.10 0.12
  331 K    -1   3  -1  -3   3   1  -2   0  -1  -1   0   2  -2   0   1  -1  -1   3  -2   0    3  17   2   0   6   5   1   8   2   3   8  15   0   3   6   5   3   4   1   6  0.22 0.20
  332 V    -1   2   1  -2   2   0  -1  -1  -1  -1   1   1   1   0  -1   0   0  -1  -2   0    5  11   8   2   6   4   2   3   1   3  14   8   3   5   3   9   4   1   1   7  0.07 0.11
  333 S     0   1  -1  -2   4  -1  -1  -2   0  -1  -1   2  -2  -2   2   1   1   1  -2  -2    7  10   2   1   9   2   2   3   2   3   6  12   1   2  12  13   8   2   1   3  0.22 0.20
  334 G     0   1  -1   0   0   1  -1   1  -1  -3  -1   0  -1   1   2   1  -1   0  -1  -1    7   9   2   4   2   6   3  11   2   0   5   4   2   8  10  13   4   1   1   5  0.11 0.13
  335 T    -1   1  -1  -1  -2   1   1   0   0  -2  -2   1  -2  -1   2   1   1  -3   0  -1    3   9   2   3   1   8   9   7   2   2   5   8   1   3  10  11  10   0   3   5  0.13 0.14
  336 D    -1   1   0   3   1   1   2  -2   1  -3  -3  -1  -2  -1   1   2  -1   1  -2  -3    4   9   3  15   3   6  14   3   3   2   2   3   1   2   6  15   4   2   1   1  0.25 0.22
  337 D    -1   0  -1   2  -2   1   2   0   1  -3  -3  -1  -3  -1   1   3  -1  -5  -2  -2    5   4   2  11   1   7  14   7   4   1   3   3   0   4   6  21   4   0   1   3  0.26 0.24
  338 G     0   0   0   0  -2   1   2   1  -1  -3  -2  -1  -1  -2   1   2   0   0  -1  -2    7   5   3   6   1   6  12  11   1   1   5   3   1   2   6  19   5   1   2   3  0.16 0.17
  339 E     0   1   0   0  -2   1   3   0   1  -4  -3   1  -2  -4  -1   2   0  -5  -2  -2    7   7   4   6   1   7  21   7   3   0   3   7   1   0   2  16   5   0   1   3  0.29 0.24
  340 R     0   2   0  -1  -1  -1   0  -1   1  -1  -1   0  -2  -2   0   1   2  -4  -1   0    8  14   4   3   1   2   5   4   5   2   7   6   0   1   4  14  12   0   1   7  0.13 0.15
  341 S    -1   0  -2  -1   0  -1   0  -2   1  -2  -2   0  -1  -3  -1   4   1  -1  -2   0    5   5   1   2   2   3   7   3   3   2   5   5   1   1   3  39   8   1   1   6  0.38 0.33
  342 D     0   0   1   2  -3   0   1  -1   0  -2  -3  -1   0  -2   1   2   1  -5  -3  -2    8   6   5  10   0   4   9   4   2   2   2   3   2   2   7  20   8   0   0   3  0.21 0.19
  343 S     1   0  -1  -1  -2  -1  -2  -2  -2  -2  -1  -1   0  -2   0   4   3  -5   0  -2    9   5   2   3   1   3   2   3   1   3   6   4   3   2   4  29  18   0   3   2  0.31 0.28
  344 K     0   1  -1  -1   0   1   1  -1   1  -3  -1   2  -1  -2   1   1   0  -4  -2  -2    8   9   3   3   3   6   7   4   3   0   5  16   2   2   7  13   7   0   1   3  0.17 0.17
  345 Q    -1   1   1  -1  -2   1   0  -2  -2  -3  -2   1   0  -2  -1   3   3  -2  -2  -1    3   7   5   3   1   8   6   3   1   1   4   7   3   2   3  22  17   1   1   3  0.26 0.25
  346 D    -1   0   1   2  -3   0   3  -1   0  -2  -2   0  -2  -2  -2   2   1  -3  -2  -3    5   6   7  12   1   4  20   4   2   2   4   4   1   2   2  14   9   0   2   1  0.25 0.21
  347 K    -1   2   0  -2  -4   0   0  -1   1  -2  -1   0   1  -2   0   2   2  -4  -2   0    3  12   4   1   0   4   7   4   3   2   5   6   4   1   4  16  16   0   1   7  0.17 0.19
  348 S     1  -1  -1  -4   1  -3  -2   0  -2  -2  -2  -3   2  -1  -3   4   3  -5  -2  -2    9   4   3   0   2   1   3   7   1   2   3   1   5   3   1  37  16   0   2   2  0.49 0.37
  349 R    -1   3  -2  -1  -4   0   1  -2   2  -3  -2  -1  -1  -2  -2   3   2  -5  -1  -2    4  18   1   3   0   4   9   2   4   1   4   2   2   2   2  23  14   0   2   3  0.34 0.29
  350 L     0  -1  -3  -3   0   0  -2  -3  -1   0   2  -2   2  -1   1   2   0  -1   0   1    8   3   0   1   2   3   2   2   1   5  19   1   5   3   6  17   5   1   3  13  0.16 0.18
  351 N    -2   2   3  -1  -1   0   0  -2   4  -5  -3  -1  -4  -3   0   3   1  -1  -2  -4    2   9  14   2   2   4   5   2   9   0   2   4   0   1   5  27  10   1   1   0  0.44 0.33
  352 E     0   0   1   0  -4   1   2  -1   1  -2  -2   1   0  -4  -2   2   1  -3  -3  -1    7   5   5   3   0   6  15   3   4   1   4   8   3   0   2  17  10   0   0   5  0.19 0.18
  353 T    -2   0   1   0   1  -2   0  -1   1  -2  -2  -1   0  -4  -1   3   3  -5  -3   0    1   5   6   6   3   1   7   3   3   2   3   3   2   0   3  21  23   0   0   7  0.30 0.27
  354 T     0   0   1  -2  -1  -1   0  -2   1  -1  -1  -1  -1  -4  -1   3   3  -5  -4   0    5   5   6   2   1   2   5   2   3   3   7   2   1   0   3  26  22   0   0   6  0.32 0.28
  355 E    -1  -1  -2   1  -3   0   4  -1  -1  -4  -2  -1   2  -5   1   3   1  -5  -4  -2    3   3   1   6   1   3  25   4   1   0   3   2   5   0   6  27   7   0   0   3  0.44 0.34
  356 T     1   0   0  -3  -4  -1  -1  -2  -2  -1  -2   0  -1  -2  -1   2   4  -5  -1   0   10   4   5   0   0   2   2   3   1   4   4   6   1   2   2  18  28   0   2   6  0.31 0.26
  357 Q    -1   0   2   0  -5   4   2  -2   2  -5  -4   1   1  -5   1   0  -2  -5   0  -3    4   5  11   4   0  23  16   3   4   0   1   7   3   0   8   5   2   0   3   1  0.47 0.31
  358 R     0   3  -1  -1  -1  -1   0  -1   0  -1  -2   2  -1  -2  -2   2   1  -4  -1  -1    9  17   2   2   1   2   4   3   2   3   2  12   1   1   1  21   9   0   3   4  0.23 0.20
  359 T     1  -3  -2  -1   0   1   0  -3  -1  -2  -2   0  -1  -3  -2   3   4  -5  -3  -1   11   0   0   4   2   7   4   1   1   2   2   4   2   1   1  28  27   0   1   4  0.45 0.32
  360 L    -1   0  -2   0  -3  -2  -2  -1  -1   1   3  -1   1   1   2  -1   0  -1  -2  -1    4   5   2   6   0   1   1   5   1   8  33   3   2   7  10   5   5   1   1   2  0.17 0.15
  361 L     0   0  -2  -1  -3  -2   0  -2  -2   1   2   0   3  -1   0   0   0  -3  -2   1    5   5   1   3   0   0   5   3   1   6  26   7   9   2   5   6   7   0   1   9  0.12 0.12
  362 N     0   0   4  -2   2   1   0  -3  -3  -4  -2  -2  -1  -4   2   1   2   2  -4  -2    9   5  28   0   6   5   5   0   0   0   5   1   1   0   9   9  12   3   0   2  0.41 0.27
  363 G     1  -2   2  -1  -4  -2   0   5   0  -4  -3   0  -4  -4  -3   2  -1  -5  -4  -3   12   2   9   2   0   0   5  41   3   0   3   5   0   0   0  14   3   0   0   1  0.57 0.27
  364 D    -3   0   2   5  -5  -1   2  -3   4  -5  -2  -2  -4  -5   3   1  -1  -5  -3  -4    0   6   8  32   0   1  12   0  11   0   4   0   0   0  13   9   4   0   0   0  0.65 0.30
  365 L     0   0  -3  -3  -3  -1  -3  -1  -3   2   2  -1   4  -2  -1   0   1   1  -2   1    7   5   0   0   0   2   0   5   0  14  18   2  18   0   2   8   9   2   0   7  0.21 0.16
  366 Q     0   0  -1   1  -4   4   3  -3  -1  -4  -4   0  -3  -5   4   1  -2  -5  -4  -3    7   4   2   7   0  21  18   0   1   0   0   3   0   0  21  12   1   0   0   1  0.60 0.26
  367 T     0  -1   0  -2  -3  -2  -2  -3  -1  -1  -2   1   1  -4   3   3   3  -4  -3  -2    6   2   3   0   0   0   0   0   1   3   1  11   5   0  15  27  24   0   0   2  0.43 0.22
  368 S     1  -3  -2  -2   1  -1  -2   2  -3  -3  -4  -2  -3  -4  -3   5  -1  -4  -4   1   10   0   0   0   4   3   0  15   0   0   0   0   0   0   0  57   0   0   0  11  0.66 0.30
  369 I    -2  -3  -4  -4  -2  -3  -4  -4  -4   4   2  -3   2  -1  -3  -3  -1  -3  -2   3    0   0   0   0   0   0   0   0   0  40  24   0   6   0   0   0   0   0   0  30  0.50 0.11

                      K         Lambda
Standard Ungapped    0.1387     0.3265
Standard Gapped      0.0475     0.2670
PSI Ungapped         0.1551     0.3177
PSI Gapped           0.0475     0.2670
