
Last position-specific scoring matrix computed, weighted observed percentages rounded down, information per position, and relative weight of gapless real matches to pseudocounts
            A   R   N   D   C   Q   E   G   H   I   L   K   M   F   P   S   T   W   Y   V   A   R   N   D   C   Q   E   G   H   I   L   K   M   F   P   S   T   W   Y   V
    1 M    -3  -3  -4  -5  -3  -3  -4  -5  -4   0   3  -3   9  -1  -4  -3  -2  -3  -3   0    0   0   0   0   0   0   0   0   0   0  26   0  69   0   0   0   0   0   0   5  1.28 0.35
    2 R     0   1   4  -1  -3   0   0  -2  -2  -4  -3   2  -3  -2  -1   3   0  -4  -3  -3    9   7  29   0   0   2   5   0   0   0   3  12   0   2   2  27   2   0   0   0  0.44 0.22
    3 A     4  -1  -1  -3  -3   1  -1   1   4  -4  -4  -2  -3  -4  -1   2  -1  -4  -1  -3   40   3   2   0   0   6   1  12  11   0   0   0   0   0   3  19   2   0   1   0  0.53 0.29
    4 V    -1  -2  -1   0   0  -1  -1  -2  -3   1   1  -2   0   1   0   2   2  -3  -2   0    2   1   1   5   2   2   3   1   0  10  13   0   2   7   3  25  14   0   0   7  0.16 0.16
    5 L    -3  -4  -1  -3  -3  -3   0  -1  -4   1   5  -4   3   1  -5  -4  -1   0  -3   0    0   0   3   2   0   0   7   5   0   6  57   0   6   5   0   0   3   1   0   6  0.60 0.31
    6 L    -2  -3   0  -1  -3   0  -3   0  -2   0   3  -3   2   0   0  -1   1  -3   0  -1    1   0   6   3   0   4   0   8   1   5  38   0   7   3   4   6   8   0   4   1  0.25 0.21
    7 P    -3  -1   4  -3  -5  -2   0   0  -1  -3  -3  -3  -2  -5   5   3   0  -6  -3  -4    0   3  20   0   0   1   6   6   1   1   2   0   1   0  30  24   4   0   1   1  0.79 0.40
    8 G     2  -2   5  -1  -3  -2  -2   3  -3  -3  -4  -2  -4  -2  -2   1  -1  -1   0  -2   17   1  27   2   0   1   2  23   0   1   0   1   0   2   2  11   2   1   4   3  0.51 0.31
    9 S     1  -4   0  -3  -4  -1   0  -3   0  -3  -1  -3  -1   1  -2   4   2  -2  -3  -2   10   0   4   1   0   2   6   0   3   1   6   0   1   7   2  41  13   0   0   2  0.51 0.36
   10 G     0  -4   3  -2  -2  -2  -1   3  -1  -3  -3  -3  -2  -3   2   3   1  -5   0  -4    6   0  14   1   1   0   3  22   1   1   3   0   1   0   9  22  11   0   4   0  0.45 0.30
   11 E    -1  -3   2   0  -4   1   3  -1   0  -3  -2  -2  -1  -3   2   2   1   0  -2  -1    4   0   9   5   0   5  23   4   2   1   4   0   2   1  10  14  10   1   1   4  0.31 0.25
   12 Q     1  -1   2   0  -4   2   2   0  -1  -4  -2  -1  -3  -3   2   1   2   0  -4  -3   10   2  12   4   0   9  13   5   1   0   4   2   0   1  11   9  14   1   0   1  0.30 0.24
   13 P    -1   0   2   1  -3  -1   1   0   0  -4  -4  -2  -1  -2   4   0   1  -5  -3  -2    4   5  11   8   0   2  11   8   2   0   0   1   2   2  24   7  10   0   1   2  0.43 0.27
   14 T     0  -3   0  -1  -2   0   0   0  -3  -2  -1  -3  -2  -2   1   2   3   0  -1  -1    6   1   4   3   1   4   6   8   0   2   6   0   0   2   8  19  24   1   2   3  0.27 0.24
   15 A     1  -2   3   0  -4   0   0  -1   0  -3  -1  -2  -2  -1   3   0   0   0   0  -2   12   1  16   6   0   4   7   4   2   1   6   0   0   3  16   8   5   2   4   3  0.26 0.21
   16 F    -1  -2   1   0  -1  -2  -2   1   2  -1   1  -1  -2   3  -2   1   0   1   1  -2    5   1   7   5   1   1   2  10   6   2  13   3   0  18   2  10   7   2   5   2  0.16 0.16
   17 C     0  -2   0   1   4  -2   0   0  -3  -3  -1  -2  -2   1   2   1   1   0   0  -2    8   1   4   8  12   0   7   7   0   0   5   1   1   6  10  12  11   1   3   2  0.22 0.19
   18 Y     0  -2   0  -1   0  -1  -1   1   1  -2   0  -2  -2   0   0   1   0   1   4  -3    8   2   4   4   2   2   4  12   3   1  10   2   0   2   4  15   7   2  16   0  0.17 0.18
   19 Q     1   0   3   1  -2   0   0   0  -1  -2  -2  -2  -1  -1   2   1   0  -4  -3   0   12   6  15   9   1   4   4   5   1   1   4   0   1   3  12  11   4   0   0   7  0.20 0.17
   20 V     0  -1   1   0  -2   0   0   0   0   0   0  -1   0   0  -1   1   0  -1  -1   1    7   4  11   4   0   4   4   6   2   7  12   1   2   4   2  10   6   1   2  12  0.03 0.06
   21 N    -1   0   6   0  -5  -1  -1   1   0  -4  -3  -3  -4  -4  -1   2  -1  -1   0  -4    6   5  36   4   0   3   4   9   2   1   3   0   0   0   3  16   4   1   3   1  0.58 0.36
   22 G     0   0   1   0  -2   0   0   3   2  -3  -2  -1  -3  -3   1   2  -1  -3  -3  -3    7   4   6   6   1   4   7  20   5   2   4   3   0   1   6  19   3   0   0   1  0.25 0.19
   23 S     0  -3   0   1  -2  -1  -1  -1  -1  -1  -3  -1  -2  -5   4   3   2  -2  -3  -2    6   0   5  10   1   2   2   4   2   3   3   2   1   0  18  27  11   1   1   2  0.44 0.31
   24 C     1  -4  -1  -1   8  -2  -1   1  -2  -1  -2  -3  -3  -1   0  -1  -1  -2   0  -2   10   0   4   4  31   2   3  11   1   3   4   1   0   3   5   5   4   1   4   3  0.63 0.34
   25 P    -2  -3  -1   0   1   1   1  -3   2  -2  -2  -3  -1  -1   6  -1  -1  -3  -3  -2    3   1   3   4   3   6   9   2   5   2   4   1   2   3  38   4   5   0   1   3  0.68 0.37
   26 R     0   2   0   1   1   2   1   0  -1  -3   0   1  -1  -2   0   0   0  -2   0  -2    6  14   4   8   3   9   7   7   1   0   9  10   1   1   4   5   5   0   4   2  0.11 0.12
   27 T    -1  -2   0   0   0   0   0   0  -2  -2  -2  -2  -2  -1   4   1   2   3   0   0    3   1   4   5   2   3   6   6   1   2   3   2   0   2  19   9  17   4   3   6  0.29 0.22
   28 V     0  -1   0   1  -1   3   1  -1  -3  -1  -2  -1  -2   0   3   0   0  -1  -2   0    9   3   4   7   1  14  10   4   0   4   3   2   1   4  13   8   5   1   1   8  0.18 0.17
   29 H    -1   1  -1  -1  -4   0   0   0   3  -1  -1  -1   0  -1   0   0  -1   4   4   0    3   8   3   3   0   3   6   8   6   3   5   2   2   1   4   7   3   6  19   8  0.23 0.20
   30 P    -1  -1   1   0   0   0  -1  -2   3  -3  -1  -1  -3  -2   4   2  -1   1   1  -2    5   4   6   5   2   4   2   3   8   1   5   4   0   1  23  14   2   2   6   2  0.37 0.25
   31 L     0  -2  -1  -1  -2   0   0  -2  -1   0   2  -2   0   0   3   0  -1  -3  -2   0    6   1   2   4   1   4   5   2   2   5  27   2   2   4  16   6   4   0   1   6  0.20 0.17
   32 A     2  -2  -1  -2  -2  -1   1   0  -1  -1  -1  -2  -1   1   1   0   0   4   0   0   22   2   2   1   0   2  10   8   2   3   5   0   1   7   7   7   4   7   3   6  0.19 0.18
   33 I     1  -2   0  -1  -2  -1  -1  -1  -2   1   1  -2   0   0   0   0   0   2   0   2   12   1   6   2   1   1   5   4   0  10  12   1   2   3   5   7   5   3   3  15  0.07 0.10
   34 Q     1   2  -1  -2  -2   1  -1  -2   1  -1  -2   2  -1   0   2   0  -1   2   1  -1   10  12   2   1   1   8   3   3   3   3   3  14   1   4   9   7   4   3   5   5  0.15 0.15
   35 V     1  -3  -3  -2  -1  -2  -4  -3  -3   3   0  -3   0   0  -3  -2  -1   6   2   3   13   1   1   3   1   2   0   1   0  19   6   1   2   3   1   2   4  11   7  22  0.49 0.30
   36 V     1  -3  -4  -4  -3  -2  -3  -2  -3   2   2  -3   2   3  -1  -1   1  -3  -1   2   12   1   0   0   0   2   1   3   0  12  18   1   4  14   4   4   9   0   1  14  0.28 0.21
   37 I    -2  -4  -2  -2  -1  -3  -4  -4  -4   3   3  -4   2   1  -4  -1   0   1   2   2    2   0   2   2   1   1   0   1   0  16  31   0   5   6   1   4   6   2   8  12  0.45 0.28
   38 Y     1  -4  -3  -4  -1  -3  -4   2  -3   1  -2  -3  -2   0   4   1   1  -3   3   0   13   0   0   0   1   0   0  14   0   9   4   1   0   4  18  11   9   0   9   6  0.36 0.27
   39 L     1  -4  -4  -5   2  -4  -4  -3  -5   2   2  -4   1   0   0  -1   1  -5  -3   3   13   0   0   0   4   0   0   2   0  13  22   0   3   4   6   4   7   0   0  21  0.42 0.27
   40 A     1  -4  -4  -5  -3  -2  -3  -2  -2   2   2  -4   0   3  -4  -2   0  -4   0   3   13   0   0   0   0   2   1   3   1  11  21   0   2  13   0   2   6   0   3  21  0.42 0.27
   41 C    -1  -5  -5  -5   0  -4  -2  -3  -2   0   2  -5   3   3  -5  -2  -2  -3   7  -1    5   0   0   0   2   0   3   2   1   5  21   0   8  12   0   3   3   0  32   3  0.87 0.44
   42 A     2  -4  -3  -4   3  -3  -3   2  -4   1   0  -3  -1   1  -4   3   0   1  -3   1   17   0   0   0   6   0   1  13   0   8  10   0   1   5   0  22   5   2   0   8  0.33 0.26
   43 V    -1  -4  -5  -5  -4  -4  -5  -2  -4   3   4  -5   1   3  -4  -3  -1  -4   1   3    6   0   0   0   0   0   0   4   0  15  34   0   2  11   1   2   3   0   4  17  0.59 0.32
   44 G    -2  -5  -5  -5  -1  -4  -3  -1  -5   5   2  -5   3  -1  -5  -3   0  -5  -4   3    3   0   0   0   1   0   1   6   0  30  18   0   7   2   0   1   5   0   0  21  0.67 0.35
   45 V    -1  -5  -4  -5   4  -5  -5   0  -5   3  -1  -5   1   6  -5  -2  -1  -1  -2   1    5   0   0   0   8   0   0   8   0  18   3   0   4  35   0   2   5   1   0   8  0.85 0.41
   46 L    -1  -5  -6  -6  -1  -5  -6  -5  -6   3   4  -5   0   2  -6  -3  -2  -5  -4   4    6   0   0   0   1   0   0   1   0  15  38   0   1   8   0   2   2   0   0  24  0.84 0.42
   47 I    -1  -5  -6  -6   1  -5  -6  -5  -6   2   3  -5   1   3  -6  -3   0  -1  -3   4    6   0   0   0   2   0   0   1   0  10  30   0   2  10   0   2   5   1   0  30  0.75 0.40
   48 T     1  -5  -4  -2   0  -5  -4   5  -5   1  -5  -5  -4  -2  -5   2   2  -6  -6  -4   11   0   0   2   2   0   1  43   0   8   0   0   0   2   0  18  11   0   0   1  0.91 0.49
   49 V    -1  -6  -5  -6   0  -5  -6  -5  -6   4   3  -6   2   2  -6  -4  -1  -3  -4   4    4   0   0   0   2   0   0   1   0  22  29   0   4   7   0   0   4   0   0  26  0.84 0.41
   50 L     0  -5  -6  -6   1  -5  -5  -3  -5   2   3  -5   0   3  -1  -2  -1  -5  -3   3    6   0   0   0   3   0   0   2   0  10  33   0   2  12   4   2   4   0   0  22  0.63 0.35
   51 G    -4  -7  -4  -6  -7  -5   1   7  -6  -4  -6  -6  -7  -5  -7  -2  -2  -3  -7  -5    1   0   1   0   0   0   9  80   0   1   1   0   0   1   0   3   2   1   0   1  1.98 0.81
   52 N    -7  -6   9  -5  -9  -6  -6  -6  -4  -9  -9  -6  -8  -9  -8  -5  -4 -10  -8  -9    0   0  99   0   0   0   0   0   0   0   0   0   0   0   0   0   1   0   0   0  3.47 1.26
   53 L     1  -5  -4  -5  -1  -4  -5   2  -5   1   2  -4   1   2  -5   2   0  -5  -4   2   10   0   0   0   1   0   0  15   0   9  19   0   3   7   0  16   5   0   0  14  0.38 0.29
   54 F    -2  -6  -7  -7  -1  -6  -7  -7  -7   1   5  -6   2   2  -7  -4   0  -5  -4   1    4   0   0   0   1   0   0   0   0   7  59   0   5   7   0   1   5   0   0  10  1.13 0.53
   55 V    -3  -7  -8  -8  -6  -7  -7  -8  -8  -1   0  -7  -3  -2  -7  -4   1  -8  -6   7    2   0   0   0   0   0   0   0   0   2   7   0   0   1   0   1   8   0   0  79  1.96 0.83
   56 V    -4  -7  -7  -8   4  -5  -7  -8  -7   6   3  -7   4  -3  -7  -6  -5  -6  -5   3    1   0   0   0   9   0   0   0   0  41  24   0   8   0   0   0   0   0   0  15  1.37 0.60
   57 F     0  -2  -5  -6  -2  -5  -5  -3  -2   2   2  -3   0   2  -6  -3  -1   6   4   1   10   2   0   0   1   0   0   2   1  11  21   2   2   7   0   2   4  12  14  11  0.61 0.35
   58 A     3  -5  -5  -5  -2  -5  -5  -4  -5   3  -2  -4  -2  -5  -5   0   0  -6  -5   5   27   0   0   0   1   0   0   1   0  15   3   1   1   0   0   8   6   0   0  37  0.88 0.47
   59 V    -5  -6  -7  -7  -5  -5  -7  -7  -6   5   1  -6   0   3  -7  -5   2  -6  -2   4    0   0   0   0   0   0   0   0   0  31  12   0   2  13   0   0  10   0   1  29  1.10 0.52
   60 S     2  -4  -4  -5   2  -3  -4  -2  -1   2   2  -2   2   1  -4  -1   0   3   2   1   17   0   0   0   5   1   0   4   2  12  20   2   4   5   0   4   5   4   7   7  0.29 0.22
   61 Y    -2   4  -1  -4   1   1  -1  -1   1  -3  -2   4  -3  -1  -5  -1   0  -4   1  -2    3  25   2   0   3   7   2   4   3   1   5  23   0   3   0   3   7   0   6   2  0.49 0.33
   62 F    -2  -2   4  -3   1   0  -2  -3   5  -5  -5  -2  -3   3  -5   1   2  -1   3  -3    2   2  21   1   3   5   2   1  13   0   0   2   0  13   0   9  11   1  10   2  0.65 0.41
   63 K    -3   5  -4  -5  -5   0  -2  -4  -3  -7  -5   6  -2  -7   1  -2  -2  -7  -2  -6    2  30   0   0   0   4   2   1   0   0   1  45   1   0   7   3   2   0   1   0  1.30 0.64
   64 V     0   2   2  -4   0   1  -1  -2   2  -4  -4   4   1  -5  -2   1  -1  -2  -3  -3    8  12   9   0   2   7   3   2   5   1   1  29   4   0   1  10   2   1   1   2  0.50 0.35
   65 L    -3  -2  -5  -7  -6  -5  -4  -4  -6  -3   5   0   6  -1  -3  -2  -1  -6  -5  -2    2   2   1   0   0   0   1   1   0   0  56   7  19   2   2   3   3   0   0   1  1.16 0.59
   66 H    -6   7  -5  -6  -1   3  -3  -6   6  -5  -5   2  -6  -7  -5  -4  -6  -2  -5  -6    0  50   0   0   1  12   1   0  18   1   1  13   0   0   0   1   0   1   0   0  1.71 0.77
   67 T    -2   0   3  -3  -3   0  -5  -5   1  -3  -6  -2  -5  -4  -5   4   6  -7  -4  -4    2   4  13   1   0   4   0   0   3   1   0   2   0   1   0  27  41   0   0   1  1.07 0.61
   68 P     1  -3  -6  -6  -5  -5  -4  -3  -3  -1  -1  -5   3  -6   6  -1   0  -7  -6   4    9   1   0   0   0   0   1   2   1   3   5   0   7   0  34   5   6   0   0  26  0.96 0.52
   69 T     1  -4  -2  -6  -4  -1  -5  -2  -6  -1   0  -5   4  -3   0  -1   6  -6  -5  -3   10   1   2   0   0   3   0   3   0   3  10   0  11   1   5   4  48   0   0   1  0.98 0.57
   70 N    -6  -4   8   2  -8  -3  -2  -6   0  -8  -8  -4  -5  -1  -7  -2   0  -7   3  -7    0   0  63  11   0   1   2   0   2   0   0   1   0   2   0   3   5   0   9   0  1.82 0.81
   71 F    -3  -6  -5  -7   2  -6  -6  -7  -4   4   1  -3   1   3  -7  -5  -2   2   6   1    1   0   0   0   4   0   0   0   0  21  14   2   3  13   0   0   2   2  27  10  0.99 0.48
   72 L    -6  -7  -8  -8  -1  -7  -8  -8  -5   2   2  -7  -4   7  -8  -5  -6   2   5  -4    0   0   0   0   1   0   0   0   0  10  19   0   0  46   0   1   0   3  20   1  1.75 0.72
   73 L    -5  -3  -7  -8  -6  -6  -7  -8  -7   6   4  -7   1  -1  -6  -5  -5  -6  -1   2    0   2   0   0   0   0   0   0   0  44  34   0   2   2   0   1   0   0   2  13  1.37 0.60
   74 L     1  -5  -6  -6   4  -4  -5  -1  -3   1   3  -3   0   1  -6  -3  -1  -5  -4   4   10   0   0   0   8   1   0   5   1   6  28   1   2   5   0   1   4   0   0  27  0.61 0.36
   75 S    -5  -6   8  -4   2  -4  -5  -5   2  -8  -8  -5  -7  -8  -7   5  -3  -9  -7  -8    0   0  56   0   4   0   0   1   4   0   0   0   0   0   0  34   1   0   0   0  2.06 0.91
   76 L    -7  -8  -9  -9  -7  -6  -8  -9  -8  -2   7  -8   2  -5  -8  -8  -6  -7  -7  -4    0   0   0   0   0   0   0   0   0   1  93   0   4   0   0   0   0   0   0   1  2.37 0.95
   77 A     7  -7  -7  -7  -2  -6  -6  -5  -7  -7  -7  -6  -7  -6  -6   0  -3  -8  -7  -4   89   0   0   0   1   0   0   0   0   0   0   0   0   0   0   7   1   0   0   1  2.26 0.99
   78 L     0  -6  -6  -7   2  -6  -6  -6  -6   4   3  -6   1   2  -6  -3  -1  -5  -3   4    7   0   0   0   4   0   0   0   0  18  23   0   2  10   0   2   3   0   1  31  0.86 0.43
   79 A     6  -6  -5  -6  -4  -6  -6  -1  -6  -7  -7  -6  -6  -7  -6   4   0  -8  -7  -4   55   0   0   0   0   0   0   5   0   0   0   0   0   0   0  33   5   0   0   1  1.55 0.78
   80 D    -7  -7   0   9  -9  -6  -3  -3  -7  -9  -9  -6  -9  -9  -7  -6  -7  -9  -9  -9    0   0   4  92   0   0   1   3   0   0   0   0   0   0   0   0   0   0   0   0  2.97 1.12
   81 M    -3  -7  -7  -4  -5  -6  -4  -6  -4   1   5  -7   3   4  -7  -6  -4  -5  -4  -1    3   0   0   1   0   0   2   0   0   8  58   0   5  17   0   0   1   0   0   4  1.28 0.59
   82 L    -1  -6  -7  -7   2  -6  -7  -4  -7   1   5  -6   2   2  -7  -2  -2  -3  -5   0    6   0   0   0   4   0   0   2   0   6  61   0   4   7   0   3   2   0   0   6  1.10 0.54
   83 L    -3  -6  -5  -7  -2  -6  -2  -4  -2   0   1  -6   5   5  -7  -5  -4  -5  -1   5    2   0   1   0   1   0   3   2   1   3  12   0  15  24   0   0   0   0   2  34  1.08 0.53
   84 G     2  -3  -1  -3   2  -3  -3   2  -3  -1   0  -3   1  -2  -3   2   1  -4  -3   0   19   1   2   1   5   1   1  16   0   3   9   1   3   2   1  18   9   0   0   8  0.30 0.22
   85 L     0  -5  -5  -6   1  -5  -5  -4  -5   3   3  -5   1   2  -5  -2   0  -5  -4   4    8   0   0   0   3   0   0   1   0  13  28   0   3   7   0   3   6   0   0  27  0.67 0.36
   86 L    -1  -5  -5  -6   2  -5  -5  -2  -5   1   3  -5   0   4  -6   0   2  -4   1   0    5   0   0   0   5   0   0   4   0   8  31   0   2  16   0   6  13   0   4   7  0.56 0.35
   87 V    -1  -4   2  -2   5  -2  -3   1  -5  -1   0  -3   0  -4  -2  -1   2  -5  -3   3    5   0   9   2  13   2   2  11   0   2   8   1   2   0   2   5  15   0   1  21  0.39 0.29
   88 L    -2  -5  -5  -6  -1  -4  -5  -4  -5   2   3  -5   6   2   1  -1  -1  -5   0   2    3   0   0   0   1   0   0   2   0  11  24   0  18   8   8   6   4   0   3  12  0.61 0.37
   89 P    -3  -7  -7  -7  -7  -6  -5  -4  -7  -4   0  -6  -4  -1   8  -3   2  -4  -7  -3    3   0   0   0   0   0   0   2   0   1   9   0   1   3  67   2  10   0   0   2  1.98 0.87
   90 L    -3  -4  -6  -6  -4  -4  -1  -6  -2   2   1  -5   0   6   0  -4   0   4   0   1    2   1   0   0   0   1   4   0   1  10  15   0   2  35   5   1   7   5   2   9  0.81 0.43
   91 S     1  -2   2  -1  -3   0  -2  -2  -4   0  -2  -2   2  -2  -4   2   3   6  -4   0    9   2   8   4   1   3   2   3   0   5   3   2   5   2   0  15  19  13   0   6  0.44 0.32
   92 T     3  -5  -4  -5  -3  -5  -5  -2  -5   3   1  -5   3   2  -5  -2   1  -3  -3   2   27   0   0   0   0   0   0   2   0  14  13   0   9   9   0   3   8   0   0  13  0.57 0.36
   93 V     0  -4  -5  -2  -3  -3  -4  -5   1   2   0  -4   1   0  -5  -1   2  -3   4   3   10   1   0   3   0   0   1   0   3  10   9   0   4   3   0   5  13   0  16  22  0.49 0.33
   94 R    -1   0   1   0  -2  -1  -1  -3   0   1   0  -1   0  -1  -3   1   1   1   4  -1    5   6   9   5   1   3   3   1   2   9   7   4   2   1   0  10  10   2  18   4  0.22 0.21
   95 S     2  -3   1  -2   1   0   1  -3  -2   0   0  -1   0   0  -4   2   0  -4   3  -1   15   0   6   1   3   4   9   0   1   7   9   3   3   3   0  17   5   0   9   3  0.19 0.21
   96 V     1  -4  -5  -5  -2  -4  -5  -3  -3   2   3  -5   3   2  -4  -2   0   1   0   3   11   1   0   0   1   0   0   2   1  12  28   0   8   7   1   3   5   2   3  17  0.49 0.30
   97 E     0   0   1   0  -4  -1   0   0   4  -1   0  -1   2  -1  -2   0   0  -1   1  -1    7   6   8   4   0   2   6   8  10   2  10   2   7   2   2   6   7   1   6   3  0.11 0.13
   98 S    -1   0   2   1  -3  -1   0   4   0  -3  -5  -1  -3   0  -1   0  -2   0   0  -2    5   5  11   6   0   2   7  31   2   1   0   4   0   4   3   5   1   2   3   4  0.36 0.25
   99 C    -2   2  -1   1   2   1   0   0   3  -2  -2   0   0  -1  -4  -1   1  -3   4  -3    2  10   2   8   5   8   6   7   8   2   3   5   2   2   0   4   8   0  17   1  0.31 0.25
  100 W    -4  -8  -9  -8  -8  -8  -8  -2  -8  -5  -6  -7  -3   3  -7  -8  -3  12  -2  -7    2   0   0   0   0   0   0   4   0   1   1   0   1  11   0   0   2  76   1   0  3.85 1.32
  101 F    -2  -2  -1  -2  -4  -3  -3  -4   0   2   0  -2  -1   0   3  -2   0  -2   3   3    3   2   3   2   0   1   2   1   2  10   9   2   1   4  15   2   5   0  12  23  0.39 0.27
  102 F    -3  -4  -8  -8  -7  -5  -6  -6  -1  -3   3  -8  -1   8  -8  -7  -5  -1   1  -5    3   1   0   0   0   1   0   1   1   1  23   0   1  62   0   0   1   1   4   0  1.98 0.80
  103 G    -1  -3  -5  -2  -7  -4  -3   7  -2  -8  -8  -4  -7  -7  -3  -2  -5  -4  -7  -6    5   2   0   2   0   1   2  79   1   0   0   1   0   0   1   3   1   0   0   0  1.95 0.80
  104 D     0   1   1   2  -2   1   1  -2   1  -3  -3   0  -3  -3   1   1   1   1   0  -2    6   9   7  11   1   5  11   2   4   1   2   5   0   0   8  13   8   2   3   2  0.22 0.19
  105 F     1  -3  -3  -4  -3  -3  -3  -1   1   1   1  -4  -1   4  -1  -2   2   1   0   2   11   1   1   0   0   1   2   4   3   7  10   1   1  21   3   3  11   2   2  16  0.35 0.25
  106 L    -1  -5  -4  -5  -4  -3  -4   1   0  -1   3  -5   5   2  -4  -3  -1   3   0   0    5   0   0   0   0   1   1  13   3   3  30   0  15   9   1   1   3   4   3   7  0.54 0.33
  107 C    -7  -4  -8  -4  12   0  -9  -8  -9  -7  -7  -7  -7  -8  -9  -7  -6  -3  -8  -6    0   1   0   1  91   4   0   0   0   0   0   0   0   0   0   0   0   1   0   0  4.22 1.38
  108 R    -2   1   1   1  -6   2   1  -4   1  -5  -1   5  -4  -4  -3  -2  -2  -6  -1  -2    4   7   6   8   0   8   7   0   3   0   6  41   0   1   1   2   2   0   2   3  0.70 0.42
  109 L    -2  -6  -6  -7  -2  -6  -6  -5  -6   4   3  -5   3   4  -6  -4  -2  -2  -4   3    4   0   0   0   1   0   0   1   0  20  30   0   6  15   0   1   2   0   0  19  0.90 0.44
  110 H    -2  -2  -2   0  -3  -2   1  -4   2   1  -1  -3   0   1  -5   0  -2   5   3   3    2   2   2   5   1   2  10   1   5   7   6   1   3   6   0   8   2   9   9  21  0.37 0.27
  111 T     1  -2   3  -2  -3  -2  -3   2   1  -1  -1  -3  -1  -3   1   2   2  -5  -3  -1   13   2  13   2   0   1   1  16   4   3   6   0   1   1   6  13  12   0   1   4  0.27 0.23
  112 Y     1  -5  -5  -6   3  -5  -5   0  -4  -1  -1  -5   1   5  -5   1   0  -1   4   0   12   0   0   0   7   0   0   6   0   2   7   0   3  27   0  12   6   1  12   5  0.66 0.39
  113 L    -2  -6  -6  -7   1  -6  -6  -6  -6   3   3  -6   3   4  -4  -1  -1  -5  -3   2    4   0   0   0   3   0   0   0   0  17  29   0   6  19   1   5   3   0   0  13  0.80 0.41
  114 D     0  -2  -3   4  -3   3  -2   0  -3   0  -2  -1   1   1  -2  -3  -3  -5   2   0    7   2   1  27   1  12   1   8   0   6   4   4   3   6   2   1   0   0   8   7  0.38 0.30
  115 T     0  -3  -1  -2   0  -1  -1   0   0   1   0  -1   0   0  -3   1   2  -1   2   2    6   0   2   2   2   2   4   7   2   8   9   3   1   4   0  10  12   1   8  16  0.11 0.14
  116 L    -2  -6  -4  -6  -2  -5  -6  -6  -2   3   3  -5   4   0  -6  -2   1  -4   0   3    4   0   1   0   1   0   0   0   1  15  31   0  10   4   0   3   9   0   3  20  0.74 0.40
  117 F     0  -5   4  -4   5  -5  -5   1  -5  -1  -1  -5  -2   3  -5   2   0  -5  -4  -3    7   0  21   0  12   0   0  11   0   4   6   0   1  14   0  16   5   0   0   1  0.67 0.42
  118 C    -3  -4  -5  -6   6  -3  -6   2  -6   0   1  -4   4   2  -4  -2   0  -5  -2   2    1   1   0   0  17   1   0  17   0   4  13   1  10   8   1   3   7   0   1  16  0.67 0.39
  119 L    -3  -5  -3  -5   1   0  -1  -1   1   1  -1  -5  -1   4  -6   0   2  -3   5  -2    1   0   1   0   3   5   4   6   3   8   6   0   2  16   0   8  15   0  20   2  0.55 0.37
  120 T     4  -5  -4  -5   2  -5  -4   0  -6   0  -4  -5  -1  -6  -5   3   1  -6  -5   2   30   0   0   0   5   0   1   8   0   6   1   0   1   0   0  22  10   0   0  16  0.70 0.46
  121 S    -1  -6  -5  -5  -4  -3  -3   1  -6  -7  -7  -5   1  -8  -4   7   0  -8  -7  -6    5   0   0   0   0   1   2  11   0   0   0   0   3   0   1  72   5   0   0   0  1.70 0.85
  122 I    -2  -7  -6  -7  -2  -7  -7  -4  -7   6   1  -7   2  -5  -7  -3  -1  -7  -6   4    3   0   0   0   1   0   0   2   0  49  12   0   5   0   0   2   3   0   0  24  1.36 0.60
  123 F    -3  -7  -2  -7   3  -6  -3  -6  -6  -2   2  -7   2   6  -7  -2  -5   7   2  -2    3   0   2   0   5   0   3   0   0   2  21   0   4  35   0   3   0  14   7   2  1.24 0.57
  124 H    -2  -5   2  -5   2  -5  -5  -5   4  -1   0  -5  -2   3  -6   4   3  -6  -4  -3    2   0   9   0   4   0   0   0   9   3  10   0   1  13   0  30  19   0   0   1  0.78 0.50
  125 L    -6  -7  -8  -9  -6  -5  -8  -9  -4   3   6  -7   4  -5  -8  -7  -6  -7  -6  -2    0   0   0   0   0   0   0   0   0  13  75   0   9   0   0   0   0   0   0   2  1.90 0.80
  126 C     2  -6  -5  -6   7  -6  -6  -5  -6  -1   1  -6   1  -4  -6  -1   5  -7  -6   2   15   0   0   0  21   0   0   1   0   3  11   0   3   1   0   3  30   0   0  11  1.05 0.55
  127 F     4  -6  -6  -6   5  -5  -6  -3  -6   1   0  -6   1   2  -6  -2  -2  -6  -5   3   34   0   0   0  12   0   0   2   0   6   9   0   4   7   0   2   2   0   0  22  0.85 0.47
  128 I    -6  -8  -8  -8  -6  -7  -8  -9  -8   7   3  -7   4  -3  -8  -7  -6  -7  -6   1    0   0   0   0   0   0   0   0   0  62  21   0  10   1   0   0   0   0   0   7  1.92 0.77
  129 S     5  -6  -5  -6  -1  -6  -6  -5  -6  -7  -7  -6  -6  -8  -6   6   0  -8  -7  -6   45   0   0   0   1   0   0   0   0   0   0   0   0   0   0  48   6   0   0   0  1.71 0.85
  130 I    -1  -7  -7  -7  -5  -5  -7  -6  -7   5   2  -6   2   3  -7  -5  -5   1  -3   4    5   0   0   0   0   0   0   0   0  28  19   0   4  10   0   0   0   2   1  31  1.08 0.51
  131 D    -7  -7  -1   8  -4  -5   3  -7  -2  -9  -9  -6  -8  -5  -7  -6  -7 -10  -8  -7    0   0   3  77   0   0  18   0   1   0   0   0   0   1   0   0   0   0   0   0  2.49 1.01
  132 R    -8   9  -7  -8  -5  -5  -6  -9  -4  -9  -8  -3  -8  -9  -8  -7  -7  -9  -8  -9    0  98   0   0   0   0   0   0   0   0   0   1   0   0   0   0   0   0   0   0  3.36 1.26
  133 H    -8  -8  -8  -9   3  -7  -8  -9   2  -7  -7  -8  -7   2  -9  -5  -8   5  10  -7    0   0   0   0   5   0   0   0   4   0   0   0   0   7   0   1   0   6  77   0  3.11 1.16
  134 C    -4  -1  -1  -5   2   0  -5  -6  -4   4   3  -3   2   0  -6  -5  -3   5   1   1    0   4   3   0   4   4   0   0   0  23  31   1   4   3   0   0   1   7   4  10  0.70 0.39
  135 A     5  -1  -5  -6   2  -4  -4  -3  -2  -2  -3  -5  -4  -6  -5   0   0  -7  -1   3   50   3   0   0   4   0   1   2   1   2   2   0   0   0   0   8   7   0   2  18  0.93 0.54
  136 I    -6  -8  -8  -8  -6  -8  -8  -8  -8   7  -2  -8  -1  -5  -8  -7  -3  -8  -6   5    0   0   0   0   0   0   0   0   0  61   3   0   1   0   0   0   1   0   0  34  2.10 0.83
  137 C    -2  -2  -6  -7   7  -6  -6  -5  -6   0   0  -2  -1   2  -6  -1   2  -3  -5   5    3   3   0   0  19   0   0   1   0   5   7   2   1   8   0   4  13   0   0  35  0.93 0.49
  138 D    -4   0   0   1  -2   1  -4  -6   8  -3  -2   3  -2  -1  -6  -1  -4  -1   3  -5    1   5   4   7   1   5   0   0  32   2   4  17   1   2   0   5   0   1  11   1  1.02 0.53
  139 P     3  -6  -6  -6  -7  -6  -6  -2  -2  -7  -6  -6  -3  -7   8  -1  -2   1  -7  -5   23   0   0   0   0   0   0   3   1   0   0   0   1   0  61   4   3   2   0   1  1.91 0.84
  140 L    -2  -3  -6  -6  -5  -3  -5  -5  -3   1   4  -3   4   3  -5  -3   0  -5  -3   2    2   2   0   0   0   1   0   1   1   7  38   1  10  11   0   2   7   0   1  16  0.75 0.40
  141 L    -1   4   0  -1  -4   2   0   1   0  -3  -2   1  -3   0  -2   0  -1   3  -2  -2    6  26   4   3   0   8   7   9   3   1   5   8   0   4   1   6   3   4   1   3  0.31 0.21
  142 Y     2  -2  -2  -4  -4  -4  -4  -3  -1  -2  -2  -4   0  -1  -3   2  -1   1   7  -2   17   2   2   1   0   1   1   2   1   3   3   1   3   2   1  18   4   2  34   3  0.81 0.43
  143 P    -1   1   3  -1  -4   3  -1  -1   4  -2   0   2  -1  -3   0  -1  -2  -4  -1  -3    4   6  15   2   0  15   2   5   9   3   9  12   2   1   6   4   2   0   2   1  0.30 0.24
  144 S    -1   3   1  -1  -3  -1  -2   0   0  -2  -2   1  -2   2   1   1   1  -1  -3  -2    4  17   7   2   0   2   1   6   2   2   4  10   1   9   8  13  10   1   0   3  0.22 0.20
  145 K    -1   4  -2  -4  -5   0  -3  -4   2   2   1   3   0  -2  -1  -1  -3   2  -3   0    4  21   1   0   0   3   1   0   5  12  14  16   2   2   3   4   1   2   0   7  0.38 0.28
  146 F    -4   5  -2  -4  -1  -3  -4  -2  -2   0   0  -1   4   3  -3  -2  -2  -4   0   2    0  29   2   1   2   1   0   3   1   6   7   3  12  13   1   2   3   0   4  12  0.57 0.36
  147 T    -2   0   1  -2  -6  -2  -5  -1  -6  -4  -5  -1  -5  -7  -4   3   6  -7  -6  -2    2   6   5   2   0   1   0   5   0   1   1   4   0   0   1  17  53   0   0   2  1.14 0.64
  148 V     0   1  -1  -2  -1   0  -1  -1   0   0   0   1   0  -1   3  -1  -1  -2  -1   1    7   8   3   1   1   5   4   5   2   5  10   8   3   2  15   4   2   1   2  11  0.13 0.12
  149 R    -2   5   1  -3  -2  -1  -2  -2   0  -5  -1   3  -2  -3   0   0   1   0  -3  -3    3  32   7   1   1   2   2   3   2   0   6  15   1   1   5   8   9   2   0   1  0.53 0.35
  150 T    -1   5   0  -5   0  -2  -4  -4   5  -3   0   1  -1   0  -5  -2  -1   3  -2   0    5  31   5   0   2   1   0   1  12   1   8   8   2   4   0   3   4   4   1   8  0.58 0.37
  151 A     5  -4  -3  -4  -4  -5  -4   0  -6   0  -4  -5  -3  -6  -5   1   1  -7  -4   1   54   1   1   1   0   0   1   6   0   6   1   0   1   0   0   9   9   0   0   9  0.97 0.55
  152 L     1   2  -3  -4   1  -2  -3  -1  -2   1   1   3   0   1  -3  -2  -1   3   0   1   11  11   0   0   3   1   0   4   1   8  12  18   2   6   0   2   4   4   3   9  0.22 0.20
  153 R     1   1  -4  -5   1  -3  -4  -1  -3   3   2  -1   3   0  -5  -3  -1  -1  -1   2   12   7   0   0   3   1   0   5   0  16  17   4   7   4   0   1   4   1   1  16  0.33 0.24
  154 Y     1  -3  -4  -5   1  -4  -3   1  -4   2   0  -2   4  -2  -5  -1   1  -1   0   3   12   1   0   0   3   0   2  10   0  13   9   2  10   1   0   3  10   1   4  19  0.34 0.26
  155 I    -2  -7  -2  -7   5  -6  -7  -6  -7   6   1  -6  -2  -4  -7   0  -3  -6  -2   2    2   0   2   0  11   0   0   0   0  45  14   0   1   0   0   8   1   0   2  13  1.17 0.55
  156 V     3  -5  -5  -5   1  -5  -5   1  -5   2   2  -5   0  -1  -4   0   0  -3  -4   3   26   0   0   0   3   0   0  10   0  10  18   0   2   2   1   6   5   0   0  17  0.47 0.32
  157 A     2  -5  -4  -5   2  -5  -5   2  -5   1   2  -5   0   3  -5  -1  -1  -1  -2   2   15   0   0   0   4   0   0  14   0   8  17   0   2  13   0   4   4   1   1  16  0.42 0.29
  158 G    -1  -6  -5  -5   3  -6  -6  -6  -7   5  -1  -6  -2  -5  -3   0   2  -7  -5   4    5   0   0   0   6   0   0   0   0  34   4   0   0   0   1   7  13   0   0  28  0.99 0.51
  159 W    -9 -10 -11 -11  -9  -9 -10  -9  -9  -9  -7 -10  -8  -6 -11  -7  -9  13  -3  -7    0   0   0   0   0   0   0   0   0   0   1   0   0   0   0   0   0  98   0   0  5.43 1.74
  160 G     1  -5  -5  -6  -2  -5  -5   1  -6   3   2  -5   0   0  -5  -1  -1  -3  -4   4   14   0   0   0   1   0   0   9   0  18  16   0   2   4   0   4   3   0   0  29  0.62 0.36
  161 I     0  -5  -5  -6   0  -5  -6  -5  -4   3   4  -5   3   2  -3  -4  -3   3   0   2    7   0   1   0   2   0   0   1   0  13  33   0   8   9   2   1   1   4   2  15  0.67 0.36
  162 P     4  -6  -5  -4   2  -5  -5  -2  -6  -4  -4  -5  -4  -6  -1   5   0  -7  -6  -1   29   0   0   1   3   0   0   3   0   1   1   0   0   0   3  47   5   0   0   4  1.12 0.63
  163 A     2  -5  -5  -6   3  -5  -5  -2  -5   3   3  -5   1   2  -5  -2  -1  -3  -3   2   15   0   0   0   6   0   0   3   0  15  23   0   4  10   0   3   3   0   0  16  0.55 0.33
  164 A     2  -5  -5  -6   1  -5  -5   0  -5   2   3  -5  -1   1  -5  -1  -1  -5  -4   2   19   0   0   0   3   0   0   6   0  10  32   0   1   5   0   5   3   0   0  15  0.55 0.34
  165 Y    -1  -5  -5  -5   2  -3  -5  -3  -5   3   3  -5   1   2  -3   0  -1   5   0   1    6   0   0   0   4   1   0   2   0  17  25   0   3   8   1   7   3   9   3  10  0.53 0.30
  166 T     2  -5  -3  -5   0  -4  -4   1  -3  -4  -4  -4  -2  -4   2   5   2  -6  -5  -2   18   0   0   0   2   0   0   9   0   1   2   0   1   1   9  40  13   0   0   2  0.83 0.51
  167 A    -1  -5  -4  -5  -1  -3  -4  -1  -5   1   2  -4   0   3   4   0   0  -4  -3   0    5   0   1   0   1   1   0   5   0   9  22   0   2  11  21   7   7   0   0   7  0.47 0.30
  168 F    -2  -6  -6  -6  -4  -5  -6  -2  -4   1   2  -5   2   2   7  -3  -4  -3  -5  -2    3   0   0   0   0   0   0   3   1   7  18   0   5   8  48   2   1   0   0   3  1.27 0.60
  169 F    -2  -4  -2  -3  -2  -2  -3  -4  -2   0   1  -4   1   5   4  -1  -2   0   0   1    3   1   2   2   1   2   2   1   1   4  11   0   4  28  20   5   2   1   2   9  0.63 0.35
  170 L    -1  -4  -4  -5  -3  -4  -5   2  -5   4   3  -5   1   2  -5  -3  -1   0  -2   1    5   1   0   0   0   1   0  17   0  20  28   0   3   9   0   1   3   1   1   8  0.55 0.31
  171 Y    -3  -4  -4  -5  -4  -1  -5  -4  -1   2   1  -4   1   4  -5  -1  -2   8   3   1    2   1   1   0   0   3   1   2   2  12  10   1   4  18   0   5   3  18  11   8  0.83 0.38
  172 T    -1   0   1  -2   0  -1  -2   1   0  -1  -1  -2   1   2  -3   2   1   2   2  -1    3   5   7   1   2   2   1  12   2   3   7   2   3  10   1  19   8   2   6   4  0.17 0.16
  173 D     0   3   0   0  -3   0  -1   0   2  -2  -2  -1   0  -1  -1   0   0   5  -1  -2    8  19   4   5   1   4   4   8   6   2   3   3   3   2   2   7   5   8   2   3  0.23 0.17
  174 V    -1   0   0  -1  -1   0  -1  -1   1   0  -1   0  -1  -1  -2   0   0   4   4   0    6   5   6   4   1   3   3   6   3   5   6   6   1   2   1   6   7   6  17   6  0.16 0.14
  175 V    -1  -1   0  -1   1   0  -1  -2   1   1   0  -1   0  -1  -2   1   1   3   1   2    4   3   4   2   3   3   5   2   3  11   8   4   3   1   2  10   7   4   5  15  0.08 0.09
  176 E    -1   1   0   0  -3   1   1  -1   0  -1  -2   1  -1   0   3   0   0  -2   1  -1    4   6   3   5   0   6   9   4   2   3   4   7   1   3  18   6   7   1   5   4  0.19 0.14
  177 R     0   0   1   1  -2   0   3  -2   0   0  -2   0  -1  -1   1   0   0  -1  -1  -1    7   6   7   7   1   4  20   3   3   5   4   5   1   2   6   5   5   1   2   5  0.13 0.12
  178 A    -1  -1   1   1  -3  -1   1   3  -1  -2  -1   0  -1  -1   1   0   0  -4  -2  -2    5   3   6   7   0   2  10  28   1   2   7   5   1   2   6   5   5   0   1   3  0.23 0.16
  179 L    -1  -1   1   0  -2   0   0   0   1   0   1  -1   2   0   0  -1  -1   1   0   0    5   3   7   4   0   3   7   7   4   6  16   2   8   5   4   5   4   3   3   5  0.04 0.07
  180 S    -1   0   1   1  -1   2   0   0   0  -1  -1   0  -1   0   0   1   0   0  -1   0    4   4   6   8   1  10   6   9   3   3   5   4   1   4   4  11   6   1   2   7  0.06 0.07
  181 Q     0   0   0   1   3   1   1   0   1  -1  -2   0  -2  -1  -1   0   2  -2  -1  -1    5   6   5   7   8   6   7   7   3   4   3   5   0   2   3   7  14   0   2   5  0.11 0.11
  182 W     0  -1   1  -1   4  -1  -1  -1  -1  -1   0   0  -1   0   0   2   1   3   2  -1    5   4   7   2   9   1   3   5   2   4   9   4   1   4   4  16   7   4   7   4  0.11 0.12
  183 L     0  -1  -1  -1   6  -1  -1  -2   0   0   0  -2  -1  -1  -1   1   0  -3   0   1    7   3   2   3  21   2   3   3   2   5   8   3   1   3   3  10   7   0   4   9  0.30 0.20
  184 E     0  -2   1   0   4   0   1   2   0  -2  -2  -1  -2  -1  -2   1   1  -4  -2  -1    5   2   6   4  10   5  10  16   2   2   4   2   1   3   2  13   8   0   1   4  0.19 0.16
  185 E    -1  -1  -1   0   3   1   1  -2   2  -1  -1   0   0   0   2   0   0  -2   1   0    5   3   3   5   8   6   9   2   6   3   5   4   3   4   9   5   5   0   6   9  0.11 0.11
  186 M    -1  -1   1   3   2  -1   0  -1  -1   0   0  -1   0  -1   1   0   0   1   1   0    4   2   6  17   5   2   6   5   2   5   9   2   2   3   6   6   5   2   5   7  0.08 0.09
  187 P    -1  -2   0  -1   1   0   0  -2   2  -1  -2  -2  -3   1   3   0   0   4   3   0    5   2   4   3   3   4   7   3   5   4   2   1   0   5  14   6   6   6  11   9  0.24 0.19
  188 C    -2  -1   1   1   6  -1  -1  -1  -1  -2  -1  -2   0   2   1  -1  -1   0   3  -3    2   4   7   7  19   3   4   4   1   2   6   2   2   9   6   3   4   1  11   1  0.36 0.23
  189 V    -1   0  -1   0   0   0   0  -1   0   0  -1   0  -1   0   1   0   1   3   1   0    3   4   3   5   2   4   5   5   2   5   5   5   1   4   8   7  13   4   7   9  0.07 0.08
  190 G    -1   0   0   0  -1  -1   0   1   0   0   0   0   0   0   1   0   0  -1   2   0    4   7   6   4   1   1   7  11   2   5   7   3   2   4   7   5   8   1   8   6  0.04 0.05
  191 S     0  -1   1   1   1   1   0   0   0  -2  -2   1  -2  -2   0   2   2  -4  -3  -1    9   2   7   7   3   7   5   7   3   2   3   8   1   2   4  14  12   0   0   5  0.14 0.13
  192 C    -2  -2  -1  -2   7   0   1  -2  -1  -2  -3  -1  -2   1   0   1   0   4   0  -1    3   2   3   2  24   4   9   3   2   2   2   3   1   6   6  10   7   5   3   4  0.50 0.29
  193 Q     0  -1   0   1  -2   2   1   0  -1  -1  -1   0   0  -1   1   0   1   2   0  -1    6   2   5   9   1   9   9   7   1   3   5   6   2   2   5   6  10   4   3   4  0.09 0.10
  194 L     0   0  -2  -3   0  -1  -1  -3  -1   1   0   0   0   3   1   0   1   2   1   0    9   5   1   1   2   2   4   1   1   8  10   6   2  13   7   6   8   3   5   8  0.11 0.12
  195 L     0   0   2  -1  -3  -1   0  -1   0  -1   0  -2   0   1  -1   0   0   5   2   0    6   4  10   3   0   3   5   5   3   4   9   2   3   5   2   6   5   9   8   8  0.14 0.13
  196 F    -2   0   2  -1  -1  -2  -1  -3   1  -2   0   0   0   2  -2   0  -1   4   4   0    2   6  12   4   2   1   3   2   4   1   8   5   2   8   2   8   4   5  15   8  0.23 0.20
  197 N    -1   1   2   0  -3   1   2  -2   1  -2  -2   1   0  -2   1   1   0  -4  -1  -1    3   7  12   5   0   7  13   2   3   2   4   8   3   1   6   9   7   0   2   6  0.17 0.16
  198 K     1   1  -1  -2  -3   1   0  -2   1   0  -1   1  -1  -2  -2   2   1  -1   0   0   12   9   3   1   0   5   5   2   4   5   6   7   1   1   1  20   7   1   3   6  0.14 0.16
  199 F    -1  -4  -3  -4  -5  -3  -4  -4   1   0   0  -4   1   4  -1  -1   0   2   6   0    6   1   1   1   0   1   1   1   4   5   7   0   3  18   4   4   6   2  29   5  0.73 0.39
  200 W    -1   0  -1  -4  -2  -1  -4  -4   2   1  -1  -1   3   0  -4  -2   2   5   4   2    5   5   3   0   1   3   0   1   5   6   5   3   7   3   0   2  15   9  12  16  0.42 0.29
  201 G     0  -3  -2  -2  -3  -2  -2  -1  -1   4   1  -3   2  -1  -2  -1   0   1   1   2    8   1   2   2   0   2   2   5   2  23  12   1   4   2   2   5   4   2   4  17  0.26 0.20
  202 W    -2  -3  -4  -4   1  -2  -3  -4  -4   2   2  -3   1   3  -5  -3   0   3   4   1    4   1   1   1   3   1   1   1   0  10  23   2   3  11   0   2   7   3  16  10  0.45 0.27
  203 L    -2  -2  -3  -4   1  -1  -3  -4  -1   1   2  -3   4   1  -2   2   0   2   0   1    3   2   1   0   3   2   1   1   1   8  20   1  12   5   2  18   5   2   3  10  0.31 0.25
  204 N    -2  -3   2  -2   4  -2  -3  -4   0   0   1  -4   0   5  -5   2   1  -4  -1   0    2   1   9   2   7   1   1   1   2   4  14   0   2  22   0  15   7   0   1   8  0.43 0.30
  205 F    -1  -5  -4  -6   2  -5  -5  -3  -5   4   2  -5  -1   4  -5  -2   0  -2   0   3    4   0   1   0   4   0   0   2   0  21  18   0   1  17   0   3   5   1   3  18  0.62 0.33
  206 P    -1  -5  -4  -5   2  -5  -5   0  -4   1   2  -5   0   4  -4  -1   1   0  -2   3    4   0   0   0   4   0   0   9   0   7  22   0   1  16   1   4   9   1   1  21  0.48 0.30
  207 A     0  -4  -1  -4   4  -1  -3   3   3  -1  -2  -4  -1   0  -4   1   0   0  -3   1    7   0   2   0   8   3   1  24   8   4   4   0   2   5   0  13   5   1   1  11  0.36 0.27
  208 F    -7  -7  -7  -8   0  -7  -7  -8  -5  -3  -1  -7  -5   9  -8  -7  -7  -4   5  -4    0   0   0   0   2   0   0   0   0   1   6   0   0  69   0   0   0   0  18   1  2.51 0.92
  209 F    -2  -5  -6  -6  -1  -5  -6  -5  -4   3   2  -5  -1   5  -6  -2  -2  -1   4   1    4   0   0   0   2   0   0   1   0  13  22   0   1  26   0   3   2   1  14   9  0.86 0.42
  210 V    -1  -5  -6  -6  -1  -4  -6  -3  -6   4   4  -6   0   0  -4  -5  -1  -5  -4   3    5   1   0   0   1   1   0   2   0  26  36   0   1   4   1   0   3   0   0  17  0.88 0.43
  211 P    -6  -8  -8  -8  -9  -7  -7  -8  -8  -6  -5  -7   3  -3   9  -5  -6  -9  -8  -7    1   0   0   0   0   0   0   0   0   1   1   0   7   1  88   1   0   0   0   0  3.09 1.20
  212 C    -3  -6  -6  -7   2  -4  -7  -3  -6   0   5  -6   3   2  -5  -3  -2  -6  -5   1    1   0   0   0   3   1   0   3   0   4  59   0   8   7   1   2   3   0   0   8  1.11 0.54
  213 L     1  -5  -5  -6   0  -5  -5  -1  -2   1   4  -5   0   1  -5   1   0  -5  -4   2   10   0   0   0   2   0   0   6   1   8  35   0   2   5   0  10   6   0   0  14  0.50 0.33
  214 I    -2  -7  -6  -7  -3  -6  -7  -7  -7   5   2  -6  -2   1  -5  -2   0  -6  -5   4    3   0   0   0   0   0   0   0   0  36  17   0   1   5   0   3   6   0   0  29  1.09 0.52
  215 M    -5  -7  -5  -8  -3  -7  -8  -8  -8   6  -1  -7   9  -4  -8  -6  -1  -7  -6   0    1   0   1   0   1   0   0   0   0  42   5   0  41   1   0   0   3   0   0   6  2.07 0.85
  216 I     1  -5  -5  -5   3  -5  -5  -2  -5   3   2  -5   0   2  -5   0   1  -5  -4   2   11   0   0   0   7   0   0   4   0  16  20   0   1   7   0   8   9   0   0  15  0.48 0.31
  217 S    -1  -6  -6  -6   1  -6  -6  -2  -3   2   1  -6  -2   5  -6  -2  -1  -2   2   3    5   0   0   0   3   0   0   3   1  13  11   0   0  27   0   4   4   0   7  22  0.75 0.40
  218 L    -2  -7  -7  -7   9  -7  -7  -6  -7   0   2  -7   0   0  -7   0   0  -6  -2   1    4   0   0   0  42   0   0   0   0   5  19   0   2   3   0   8   6   0   2   8  1.50 0.65
  219 Y    -8  -8  -4  -9  -9  -8  -8 -10  -5  -4  -7  -8  -7  -1  -9  -5  -5  -4  10  -8    0   0   1   0   0   0   0   0   0   1   0   0   0   1   0   1   1   0  95   0  3.76 1.36
  220 L     0  -5  -4  -5   2  -3  -4   2  -4   0   1  -4   0   1  -5   1   1   1   1   1    8   0   0   0   5   1   0  19   0   5  14   0   2   6   0  12  11   2   5  12  0.32 0.26
  221 K    -3   5  -2  -3   0   1  -2  -1   4  -2   0   2   0   2  -3  -3  -2  -5  -3  -2    2  29   2   1   2   7   2   5  11   3  11  10   2   8   1   1   2   0   0   2  0.52 0.34
  222 I    -6  -7  -8  -8  -6  -7  -7  -5  -8   7   1  -7   5  -5  -7  -7  -2  -7  -6   2    0   0   0   0   0   0   0   1   0  61  10   0  13   0   0   0   3   0   0  11  1.81 0.74
  223 F    -1  -5  -5  -6  -2  -5  -5   0  -4   2   2  -5  -1   4  -5  -3  -2   4   4   1    6   0   0   0   1   0   0   7   0  12  22   0   1  19   0   2   2   5  12   8  0.63 0.34
  224 V     0   3  -1  -4   4   1  -3  -3   0   1   1   1   0   0  -4  -2  -1  -2   0   0    8  17   2   0   8   6   0   2   3   7  14  10   2   3   0   2   3   0   4   8  0.22 0.19
  225 V     1   1  -2  -4   0  -1   0  -4  -2   1   0   2  -1  -3  -4  -1   3  -3  -1   1   15   8   1   0   2   2   6   1   1   9   7  11   1   1   0   3  20   0   2  12  0.27 0.24
  226 A     3  -4  -6  -6  -2  -5  -4  -4  -4   2   4  -4   0  -4  -5  -3  -3  -5  -5   3   25   1   0   0   1   0   1   1   0  10  39   1   2   0   0   1   1   0   0  17  0.83 0.44
  227 T     0   0   0   0   2   0  -2  -1   2   0  -1   0   1   1  -3   0   0   3   1   0    6   6   5   6   5   5   0   6   5   6   6   6   5   5   0   6   6   5   5   6  0.07 0.12
  228 R     0   3   0  -1   1   2   0  -1   1  -1  -1   2   0  -1  -3   0  -1  -3   0  -1    7  19   5   3   3  10   4   3   3   3   6  11   3   3   0   5   3   0   3   3  0.17 0.19
  229 Q     1   1   0  -3   0   3  -1  -2   4  -2  -1   1   0  -3  -1   0  -1  -3   0   0   10   9   4   0   2  16   3   3  12   2   5   7   3   0   3   7   4   0   4   6  0.21 0.23
  230 A     2   1   1  -2   0  -1  -1   0   1   0  -1   0  -1  -2  -1   0   0  -1  -1  -1   23   8   6   2   2   2   4   8   3   5   5   5   1   1   3   7   6   1   2   5  0.12 0.15
  231 Q     0   2   1  -1   1   1  -1  -1   2  -1  -2   1   2  -1  -1  -1   0   2   0  -1    9  11   7   3   3   7   5   5   4   3   5   7   5   3   3   5   5   3   3   5  0.10 0.09
  232 Q    -1   1   2   0  -6   2  -1   0   1   1  -1   1   2  -6   2  -1  -1  -6  -6  -1    5   8  11   5   0   8   5   7   3   7   6   8   4   0   9   5   4   0   0   5  0.20 0.17
  233 I     0  -1   0  -1   0   0   0   0   1   2   0  -1   3  -1   0  -1  -1  -3  -1   1    6   4   4   4   2   5   5   8   3  13   9   3   9   3   5   4   3   0   2  10  0.06 0.09
  234 R     1   1   0   0  -1   0   0   0   1  -2  -2   1  -1  -1   1   0   0   0  -2  -1   12   8   5   6   2   4   7   7   5   2   4   7   2   3   7   8   7   1   1   3  0.08 0.07
  235 T     1   1   0   0  -3   1   0   0   0  -2  -1   1  -1  -2   0   1   1  -3  -2  -1   12   8   4   4   0   8   4   7   3   2   5   9   1   2   5  11   8   0   1   5  0.11 0.10
  236 L     0   1   0   0  -1   0   0  -1   1  -1   1   0   1  -2  -1   0   0  -2  -1  -1    6   7   4   4   2   5   8   6   4   3  20   5   4   1   3   9   5   1   1   3  0.05 0.07
  237 S     0   3   0  -1  -2   2   1  -1   3  -3  -3   1  -3  -2   0   2   0  -2  -2  -3    7  15   5   2   1   8  10   4   7   1   2   7   0   2   5  14   5   0   1   2  0.26 0.21
  238 Q    -1   3   1   0   1   2   1   0   0  -2  -2   2   0  -2  -2   1  -1  -4  -2  -3    5  14   5   4   3  11   8   8   2   3   3  13   3   2   2  11   2   0   1   2  0.22 0.18
  239 S     0   3   1  -1  -2   2   1   0   1  -2  -3   1  -2  -3   0   1   0  -2  -2  -2    7  16   6   2   1   9   9   9   3   2   3   7   1   1   4  11   5   0   1   3  0.20 0.17
  240 L     0   1   0  -1  -3   1   0  -2  -1  -1   1   1   0   0   0   1  -1   2   0  -1    6   9   3   2   0   7   5   2   2   2  14   9   2   4   5  13   3   3   3   4  0.08 0.12
  241 A     0   2   1   0   0   1   0  -1   2  -1  -1   1   0  -1   0   0   0  -1  -1  -1   10  11   6   6   2   5   7   4   5   3   5   8   2   2   5   7   4   1   2   6  0.07 0.06
  242 G     0   2  -1   0   0   1   0  -1   0  -1  -1   1   0  -2   0   0   0   0  -2   0    8  13   3   5   3   6   5   5   2   4   6  10   2   1   4   8   6   2   0   6  0.08 0.08
  243 A     0   2   0  -1  -2   1  -1  -1   2  -1  -1   1   0  -1   0   0   1  -2  -1   0    6  12   4   3   0   6   3   5   5   4   6   9   2   3   5   8  10   1   2   7  0.08 0.09
  244 V     0   0  -1   0  -2   3   0  -1   2  -1   0   0   1  -1   1   0   0  -3  -1   0    9   6   3   5   1  16   3   5   5   2  10   4   3   3   6   7   4   0   2   7  0.09 0.12
  245 K     0   3  -1  -1  -2   2   1   0   0  -2  -2   2  -1  -3  -1   1  -1  -4  -2  -1    9  16   2   3   1   8   9   9   2   2   3  15   1   1   2   9   4   0   1   4  0.19 0.16
  246 R     2   2   0  -2   1   0  -1   0  -1  -2  -2   1  -2  -1  -1   0   1  -3  -2  -1   19  13   5   1   4   4   2   6   1   2   1  11   1   4   2   7   9   0   1   4  0.14 0.15
  247 E    -2   2   0   0  -1   1   4  -1   0  -3  -3   3  -1  -3  -2   0  -2  -1  -3  -4    1  12   4   4   1   5  33   5   2   2   2  17   2   1   2   7   1   1   0   1  0.47 0.31
  248 R    -2   4  -1  -1   0   0  -1  -3   2  -2  -1   3   1  -2  -1   0  -1   1  -2  -1    1  30   2   3   2   4   2   2   5   2   7  17   4   2   3   5   4   2   1   3  0.35 0.25
  249 K    -2   5  -2  -2  -5   0   1  -3   0  -2  -4   5  -3  -5  -1  -1  -1  -5  -4  -3    2  27   1   1   0   3   8   1   2   3   1  40   0   0   3   3   3   0   0   1  0.83 0.44
  250 A     2   0   0  -3  -2  -1  -2   0   0   1   0  -1   0  -1   0  -1   1  -3  -1   2   23   5   5   0   0   2   0   7   2   6   8   2   3   2   3   2   9   0   1  19  0.14 0.17
  251 A     2  -1  -2  -3  -2  -2  -1  -2  -2   1   1  -2   0   1  -1   0   2  -3  -2   1   25   3   1   0   0   0   3   1   1   7  13   2   2   7   2   5  14   0   0  12  0.20 0.21
  252 K    -1   4   0  -3  -2  -1  -2  -3  -2  -2  -2   5   1  -2  -4  -1  -2   0  -3  -1    4  25   4   0   1   1   0   2   1   2   4  37   4   2   0   4   2   2   0   5  0.61 0.39
  253 T    -2  -4  -3  -4  -3  -3  -1  -2  -2   1   1  -3   6  -2   0  -1   4  -4  -3   1    2   0   0   0   0   0   4   3   1   8  12   0  24   1   4   4  26   0   0  11  0.57 0.39
  254 L     0  -2  -2  -4  -1  -3  -3  -3  -4   3   3  -4   3  -1  -4  -2  -1  -4  -3   3    7   3   2   0   1   0   1   2   0  17  35   0   7   2   0   2   2   0   0  18  0.48 0.30
  255 G     0  -1  -3  -4  -1  -3  -3   1  -3   1   1  -3   2   3  -1   0   0  -3  -2   2   10   3   0   0   1   0   0  11   0  10  16   0   5  13   3   7   7   0   0  14  0.18 0.18
  256 I     2  -3  -4  -5   1  -4  -4  -3  -4   4   1  -2   1  -2  -4  -2   0  -4  -3   4   15   1   0   0   3   0   0   1   0  26  10   2   4   1   0   1   7   0   0  27  0.53 0.34
  257 A    -1  -4  -3  -5  -1  -4  -5  -5  -2   3   2  -4   4  -1  -5  -3   0  -5  -3   4    5   0   1   0   1   0   0   0   1  19  14   0  11   2   0   2   6   0   0  37  0.71 0.40
  258 V     0  -2  -3  -5  -2  -4  -4  -2  -5   2   1  -4   4   0  -5  -3  -1  -4  -3   5    6   3   1   0   1   0   0   3   0  12  14   0  10   3   0   0   4   0   0  43  0.64 0.39
  259 G     1  -4  -3  -3  -1  -3  -3   3  -4   1   1  -3   1   0  -3   0   0  -4  -3   1   15   0   0   0   1   0   0  29   0   9  12   0   4   4   0   8   4   0   0  11  0.34 0.25
  260 I     2  -4  -4  -4   0  -2  -2  -2  -4   1   2  -3   0  -2  -4   0   1  -4  -3   3   21   0   0   0   1   1   2   3   0   7  19   0   1   1   0   5   8   0   0  29  0.40 0.31
  261 Y    -6  -7  -2  -7  -1  -7  -7  -6  -5  -4  -4  -7  -4   9  -3  -4  -6   3   3  -5    0   0   2   0   1   0   0   0   0   0   0   0   0  82   2   2   0   4   7   0  2.47 0.86
  262 L     2  -4  -5  -5   1  -4  -4  -1  -4   2   2  -4   0   4  -4  -2  -1  -3  -1   2   19   0   0   0   4   0   0   4   0  10  18   0   2  21   0   1   4   0   1  16  0.47 0.29
  263 V    -2  -5  -5  -5  -1  -4  -5  -4   0   3   4  -4   1   1  -5  -2   0  -4  -3   3    3   0   0   0   1   0   0   1   3  18  37   0   3   7   0   2   5   0   0  20  0.62 0.33
  264 C     0  -7  -6  -7  11  -6  -7  -5  -7  -5  -1  -6  -5  -1  -6   1  -3  -6  -6  -4    7   0   0   0  68   0   0   1   0   0   7   0   0   3   0  12   1   0   0   1  2.46 0.85
  265 W    -3  -7  -8  -9  -3  -3  -7  -7  -7  -7  -5  -2  -6   0  -8  -2  -7  13   0  -7    2   0   0   0   1   1   0   0   0   0   1   3   0   4   0   4   0  82   3   0  3.87 1.18
  266 L     0  -4  -4  -5   0  -4  -4   0  -4  -1   3  -4   2   1  -1  -1   2   3  -3   0    9   0   0   0   2   0   0   7   0   2  35   0   5   7   2   4  15   4   0   7  0.38 0.28
  267 P    -5  -7  -7  -6  -8  -6  -6  -7  -7  -7  -3  -6  -7  -8   9  -5  -6  -8  -8  -7    0   0   0   0   0   0   0   0   0   0   4   0   0   0  96   0   0   0   0   0  3.26 1.08
  268 F    -5  -2  -3  -6  -3  -5  -5  -5   1  -1   0  -5  -3   6   0  -4  -2  -2   7  -3    0   2   2   0   1   0   0   0   3   3  10   0   0  30   5   1   2   0  41   1  1.35 0.58
  269 T     0  -3   2  -4  -4   0  -2  -4   6  -2   0  -3  -2   4  -5   0   0  -1   2  -2    7   1  13   0   0   4   1   0  21   2  10   0   0  21   0   8   5   1   6   1  0.57 0.35
  270 V    -1  -5  -5  -5   0  -5  -5  -4  -5   4   3  -5   0   2  -5  -3  -1   3  -2   4    5   0   0   0   2   0   0   1   0  22  24   0   1   9   0   1   4   4   0  26  0.64 0.34
  271 D     1  -3  -3  -2  -1  -2  -3  -3   0   2   1  -3   0   2  -4   0   0  -2   1   2   15   0   0   2   1   1   0   1   3  12  15   1   2  12   0   8   6   0   4  18  0.22 0.19
  272 T     0  -1   2  -2   0  -1  -2  -1   0   0   1  -1   0   1  -1   0   0   2   2   0    9   4  15   1   2   2   1   3   2   6  14   1   3   6   3   7   7   3   8   4  0.08 0.12
  273 L    -2  -4  -4  -5   2  -4  -5  -5  -4   3   4  -4   1   2  -3  -1   0   2   1   1    2   0   1   0   4   0   0   0   0  16  39   0   2   9   1   5   6   2   5   6  0.53 0.30
  274 V    -1  -4  -5  -5  -1  -3  -4  -5  -5   3   3  -4   2   0  -5  -2  -1   2   0   3    4   0   0   0   1   1   0   0   0  17  34   0   4   3   0   3   3   3   3  24  0.59 0.32
  275 D     0   0   0   1  -2   0   0   1   2  -1  -1  -1   0   1  -2   0   0  -1   1   0    9   5   4  10   0   3   6  10   6   3   3   3   4   7   1   6   4   1   6  10  0.05 0.07
  276 S     1  -3  -1   0  -1  -1   0  -1  -3   0   0  -2   0  -1   1   1   2   1  -2   1   15   0   3   5   1   2   5   5   0   6   9   1   2   2   6  11  15   2   1   8  0.12 0.15
  277 L    -1  -4   0  -3   2  -4  -4  -3   2   2   2  -5  -1   5  -5  -1  -1   1   1   0    4   0   6   2   4   0   1   2   5  10  19   0   1  26   0   4   4   2   5   7  0.47 0.29
  278 L    -2  -1   0  -2   6   2  -1   0   1  -1  -1  -1   1   0   0  -1  -1   1   2  -2    2   4   5   2  18  11   3   8   3   4   6   4   5   5   4   3   3   2   6   3  0.27 0.22
  279 N    -1   1   0   2  -3   1   0   2   2  -3  -3   0  -2  -3   3   0  -1   0  -1  -2    4   9   5  12   0   5   6  18   5   2   3   4   1   0  12   6   3   1   2   2  0.25 0.19
  280 F    -1  -1  -1  -1   3   0   1  -3   4  -1   0  -1   0   1  -2   1   0  -1   2  -1    4   2   3   3   7   4   9   1  12   3  11   2   2   6   1  12   6   1   8   3  0.18 0.18
  281 I     0  -1   0   0   3   0   0  -2   0   0   0   1  -1  -1   2   0  -1   2  -1  -1    9   3   4   5   8   3   5   2   3   5  11   9   1   2  11   8   1   3   2   4  0.11 0.11
  282 T    -2  -1  -1  -1   2  -1  -2  -4   1   2   0   0  -1   3  -2   0   1  -2  -1   1    2   3   3   3   5   3   2   0   4  16   8   5   1  13   2   7  11   0   1  12  0.17 0.17
  283 P    -2  -4  -1   0   2  -2  -1  -1   2   1  -1  -3  -2  -1   5   1   1  -2  -1   0    3   0   3   5   4   2   3   4   5   7   5   1   0   3  26  11   9   1   2   6  0.38 0.27
  284 P    -1  -2   0   2  -5   1   1  -1   0  -4  -2   0  -1  -4   5   0  -1  -6  -2  -2    4   1   4  12   0   5   9   5   2   1   5   4   2   0  31   7   4   0   2   3  0.55 0.34
  285 L     0  -1  -2  -3   2   0  -2  -2  -2   1   2  -1   0  -1  -1   0   1   3   3   0    9   3   1   1   5   4   2   3   1   7  20   3   2   1   3   5   8   4  12   7  0.16 0.16
  286 V     2  -4  -3  -3  -1  -4  -4  -3  -1   1   2  -4   2   1  -4  -1  -1   1  -1   3   19   0   1   1   1   0   0   2   2   7  24   0   4   7   0   5   4   2   1  18  0.35 0.25
  287 F    -1  -4  -2  -5  -5  -4  -3  -4   0   0   0  -2   4   6  -6  -2   0  -1   4  -1    5   1   2   0   0   0   2   1   2   6   8   2  12  35   0   2   5   1  11   4  0.79 0.41
  288 D     0  -1   1   1  -2   1   0  -2   1   0   0   0  -1  -1   1   1   1  -3   0  -1    8   1   8   7   0   7   3   2   3   7   8   6   1   2   6   9  11   0   5   4  0.08 0.10
  289 I     0  -5  -4  -6  -2  -5  -5  -5  -5   4   2  -5   0   3  -2  -4  -2   3  -2   3   10   0   1   0   1   0   0   0   0  22  21   0   2  14   2   0   2   4   0  21  0.67 0.35
  290 F     1  -5  -3  -5   3  -4  -4  -1  -4  -1   0  -4  -3   4   3   1   3  -4   0   0   11   0   1   0   6   0   0   5   0   3   7   0   0  18  14   9  18   0   3   6  0.46 0.32
  291 I     1  -2  -1  -3  -1  -1   1  -2   3   1   1  -3   0   2  -3   0   1  -3   1   0   11   1   3   0   1   1   9   3   8   8  13   0   2  10   1   8  10   0   5   6  0.14 0.16
  292 W    -1  -4  -3  -6   4  -5  -6  -3  -4   0   1  -6   0   3  -4  -1   0   9   1   1    6   1   1   0   7   0   0   2   0   5  11   0   2  12   1   5   5  29   3   9  1.08 0.48
  293 F    -5  -6  -7  -7  -2  -6  -7  -7  -6   3   5  -6   2   5  -7  -5  -3  -5  -3  -1    0   0   0   0   1   0   0   0   0  16  54   0   3  20   0   0   1   0   0   3  1.33 0.57
  294 A     5  -5  -5  -5  -1  -5  -5   3  -5   0  -5  -5  -2  -3  -3   2  -2  -6  -4  -3   49   0   0   0   1   0   0  24   0   6   0   0   1   1   1  13   2   0   0   1  1.01 0.53
  295 Y    -3  -5  -3  -6  -6  -5  -5  -7   1   0  -4   3   4   4  -5  -3  -4   0   7  -3    1   0   1   0   0   0   0   0   3   5   0  17  12  16   0   2   1   1  37   1  1.30 0.60
  296 F     2  -4  -4  -5   5  -4  -4  -3  -5  -1   1  -4   0   3  -5   3   1  -5  -1  -1   18   0   0   0  11   0   0   1   0   2  11   0   3  14   0  25   8   0   2   4  0.58 0.38
  297 N    -2  -4   8  -4  -2  -5  -5  -4   5  -8  -8  -3  -7  -7  -5   3  -4  -8  -6  -7    4   0  62   0   1   0   0   1  11   0   0   1   0   0   0  19   0   0   0   0  1.93 0.82
  298 S     2  -6  -3  -5   6  -5  -5  -5  -6  -6  -7  -5  -6  -7  -4   6   1  -7  -6  -6   14   0   1   0  13   0   0   0   0   0   0   0   0   0   1  63   9   0   0   0  1.63 0.77
  299 A     1  -6  -6  -6   9  -6  -6  -4  -6   2  -1  -6   2  -1  -6   1  -2  -6  -5   1   13   0   0   0  38   0   0   1   0  12   4   0   6   3   0  10   3   0   0  10  1.29 0.56
  300 C    -1  -5  -5  -6   2  -5  -5  -6   0   2   3  -5   3   2  -6  -3  -3  -3   4   2    6   0   0   0   4   0   0   0   2  12  28   0   6   9   0   2   1   0  17  13  0.69 0.36
  301 N    -7  -6   9   2  -8  -5  -5  -6  -2  -9  -9  -4  -8  -8  -7  -4  -4  -9  -8  -8    0   0  88  10   0   0   0   0   1   0   0   1   0   0   0   1   0   0   0   0  2.87 1.05
  302 P    -3  -8  -8  -7  -1  -7  -7  -8  -8  -8  -9  -7  -8  -9   9  -6  -4  -9  -9  -8    2   0   0   0   1   0   0   0   0   0   0   0   0   0  95   0   1   0   0   0  3.35 1.18
  303 I    -4  -6  -7  -7  -2  -6  -7  -7  -6   6   3  -6   1   3  -6  -5  -3  -3  -4   3    0   0   0   0   1   0   0   0   0  40  22   0   3  12   0   1   1   0   0  20  1.18 0.51
  304 I    -2  -7  -7  -7  -1  -7  -7  -8  -7   7   3  -7  -3  -1  -7  -6  -5  -6  -5   2    3   0   0   0   2   0   0   0   0  59  22   0   0   3   0   0   0   0   0  12  1.55 0.62
  305 Y    -7  -7  -8  -9  -8  -7  -8  -9  -1  -7  -2  -7  -6   0  -9  -7  -7  -3  10  -7    0   0   0   0   0   0   0   0   1   0   3   0   0   2   0   0   0   0  94   0  3.51 1.18
  306 V     4  -5  -1  -5   3  -4  -4   2  -4   0  -3  -4  -2  -1  -3   0   1  -4   2   1   32   0   2   0   7   0   0  15   0   5   0   0   0   3   1   5  10   0   7  12  0.49 0.34
  307 F    -4  -6  -6  -6   3  -6  -6  -6  -5   3   1  -5   0   7  -6  -5  -2   3   2   0    1   0   0   0   6   0   0   0   0  14  14   0   2  44   0   0   3   3   6   5  1.20 0.49
  308 S    -2   2  -4  -5  -3  -4  -4  -5  -3   0   2  -3   5   4  -5   1  -1  -1  -1   1    3  12   0   0   0   0   0   0   0   3  20   1  15  19   0  10   3   1   1  11  0.54 0.33
  309 Y    -4  -3   6   0  -1  -4  -4   2   3  -1  -5  -2  -3  -6  -5   3  -3  -6   0  -6    0   1  38   4   1   0   0  16   6   4   0   2   1   0   0  23   0   0   4   0  1.00 0.52
  310 R    -1   2  -1   0  -5   3   2  -3   1  -4  -3   4  -3  -5   3  -1  -3  -5  -2  -3    4   8   3   4   0  16  12   2   4   1   2  23   0   0  14   3   1   0   1   2  0.54 0.33
  311 W    -4   2   4   3  -6   2   1  -3  -1  -6  -5   3  -4  -5  -4   0  -2   3  -3  -3    0  11  18  16   0  10  10   1   1   0   1  20   0   0   0   5   2   4   1   1  0.64 0.37
  312 F    -7  -7  -8  -8  -7  -8  -8  -8  -6  -3  -1  -8   0   9  -8  -6  -3  -4   3  -4    0   0   0   0   0   0   0   0   0   1   5   0   2  81   0   0   2   0   8   1  2.60 0.89
  313 R    -6   8  -3  -6  -3   2  -4  -6  -2  -5  -7   3  -1  -7  -4  -4  -5  -4  -6  -7    0  71   1   0   1   8   0   0   1   1   0  14   1   0   1   1   0   0   0   0  1.99 0.79
  314 K     0   4   2  -1  -5   1   1  -3   1  -3  -2   4  -2  -4  -4   0  -2  -5  -2  -2    7  22   9   2   0   6   9   1   4   1   3  25   1   0   0   5   2   0   1   3  0.50 0.31
  315 A     3   0  -2  -1   5  -2  -1   1   1  -4  -4  -2  -3  -2  -4   0   1  -4   2  -3   29   6   1   3  12   1   5  10   3   0   1   2   0   2   0   7  10   0   7   1  0.42 0.30
  316 L    -4  -5  -7  -7  -1  -6  -6  -7  -5   2   3  -5   4   7  -7  -6  -5  -4   1  -1    1   0   0   0   2   0   0   0   0   9  26   1   9  44   0   0   0   0   4   3  1.35 0.55
  317 K    -2   3  -2  -3  -3   3  -2  -4   0   0   0   4   2  -3  -4  -1  -2   2  -3  -1    2  17   1   0   0  13   1   1   2   7  11  26   5   1   0   4   2   3   1   4  0.46 0.31
  318 L     0   3  -1  -2  -3   2   2  -3   3  -3  -2   3   0  -2  -4   0   1  -5  -1  -3    6  14   2   1   0  10  14   1   7   1   4  19   3   2   0   5   7   0   2   1  0.35 0.25
  319 L     0  -4  -5  -5   1  -2  -5  -5   0   4   3  -3   3   1  -5  -1   1  -4  -2   1    7   0   0   0   3   1   0   0   2  25  24   1   8   6   0   4   8   0   1  10  0.51 0.29
  320 L    -5  -6  -7  -7   2  -6  -6  -7  -6   2   5  -6   2   4  -5  -6  -4  -1  -2   1    0   0   0   0   4   0   0   0   0   9  52   0   4  20   1   0   0   1   1   8  1.13 0.49
  321 S    -2   2   0  -4   7   0  -3   0   1  -4  -2   1  -3  -2   1   1  -1  -5  -2  -3    2  14   5   0  25   3   0   7   4   0   5   8   0   2   7  10   4   0   1   1  0.58 0.33
  322 R    -1   3  -4  -3   9  -2  -5   0  -4  -4  -2   1  -1   1  -3  -1  -1  -1  -3  -3    4  18   0   1  38   1   0   7   0   0   3   8   1   5   1   3   4   1   1   1  1.07 0.47
  323 E    -3   1  -2  -2   6   2   0  -3   4  -3  -1   2   0  -2  -2   1  -2  -4   0  -2    0   8   1   1  16  11   4   2  11   1   6  14   2   2   2  13   0   0   3   2  0.44 0.29
  324 I    -1   0  -2  -1   4  -1  -3  -1  -2   1   1  -1  -1  -1   2  -1  -1   3  -1   2    2   7   1   3   9   2   0   4   1   9  16   3   0   3  11   4   3   5   1  16  0.19 0.16
  325 F    -1   1  -3  -3   4  -1   0  -3  -2  -2   1  -2   0   4  -1  -1  -2   3   2  -2    4  10   1   1   9   2   5   2   0   1  16   2   2  23   3   6   1   3   5   1  0.32 0.22
  326 S    -2   4  -1  -3   5   0   0  -2  -1  -1  -1   0  -3  -4   0   0  -1   0  -4   0    2  29   2   0  13   3   6   3   2   3   6   5   0   0   5   7   3   2   0   9  0.39 0.26
  327 P     0   2  -1   0   0   2  -1  -1   2  -2  -3   0  -3  -4   3   2   0  -5  -2  -3    9  14   3   4   2  10   3   3   4   2   1   4   0   0  15  18   5   0   1   1  0.33 0.22
  328 R    -2   4   0   0  -2   1   1  -3   2  -2  -1   2  -2  -3   2   0  -1  -5  -3  -3    2  27   4   5   1   5   7   1   4   2   5  12   1   1  10   8   3   0   0   1  0.37 0.24
  329 T     0   0  -2  -1   3   0   2  -1  -2  -4  -4   1  -1  -4  -1   4   2  -5  -4  -3    5   4   0   3   7   4  11   3   1   0   1   7   2   0   2  37  12   0   0   1  0.48 0.34
  330 P    -1  -1  -2   2  -2  -1   1  -4   0  -4  -3   0  -4  -3   5   3  -1  -5  -1  -3    3   3   1  10   1   2  10   0   3   0   2   6   0   1  27  24   3   0   2   2  0.60 0.34
  331 T     1   1  -2   1  -3  -2  -2  -3   2  -3  -3   0  -2   0   1   2   2  -4  -1  -1   11   7   1   9   0   1   1   0   5   1   1   5   1   5   7  21  17   0   2   5  0.27 0.23
  332 V     0  -2  -2  -1   1  -1  -2  -1   1   0  -1   0   1  -3   0   3   1  -4   0   1    7   1   0   2   3   1   2   5   3   6   3   5   4   0   4  25  11   0   3  14  0.18 0.19
  333 D    -1   0   3   5  -5  -2   2  -3   1  -5  -5   0  -4  -5  -4   3  -2  -6  -4  -4    4   5  15  30   0   0  13   1   4   0   0   5   0   0   0  21   1   0   0   1  0.70 0.34
  334 L     0  -3  -3  -4  -3  -1  -3  -3   0   1   3  -3  -1   1   0   3   0  -4  -3  -1    5   0   0   0   0   3   0   2   2   8  39   0   0   5   4  25   4   0   0   2  0.39 0.27
  335 Y    -1  -3   0  -3  -4  -3  -3  -4   5  -2  -3  -3  -3   5  -4   3   2  -2   3  -3    5   0   4   0   0   0   0   0  15   1   0   0   0  29   0  22  15   0   9   0  0.68 0.32
  336 H    -1  -2   2  -2  -3   0  -1   0   3  -3  -3  -2  -1  -4   4   4   0  -5  -3  -3    2   0  11   0   0   5   2   6   7   1   3   0   2   0  19  39   3   0   0   0  0.55 0.26
  337 D    -3  -2  -1   5  -5   2   6  -4  -2  -5  -5  -1  -4  -5  -3  -2  -3  -5  -4  -5    0   0   0  33   0   9  58   0   0   0   0   0   0   0   0   0   0   0   0   0  1.22 0.32

                      K         Lambda
Standard Ungapped    0.1445     0.3331
Standard Gapped      0.0453     0.2670
PSI Ungapped         0.1479     0.3174
PSI Gapped           0.0453     0.2670
