
Last position-specific scoring matrix computed, weighted observed percentages rounded down, information per position, and relative weight of gapless real matches to pseudocounts
            A   R   N   D   C   Q   E   G   H   I   L   K   M   F   P   S   T   W   Y   V   A   R   N   D   C   Q   E   G   H   I   L   K   M   F   P   S   T   W   Y   V
    1 M    -1  -1  -2  -3  -1   0  -2  -3  -2   1   2  -1   5   0  -2  -1  -1  -1  -1   1    0   0   0   0   0   0   0   0   0   0   0   0   0   0   0   0   0   0   0   0  0.00     0.00
    2 S     1  -1   1   0  -1   0   0   0  -1  -2  -2   0  -1  -2  -1   4   1  -3  -2  -2    0   0   0   0   0   0   0   0   0   0   0   0   0   0   0   0   0   0   0   0  0.00     0.00
    3 I    -1  -3  -3  -3  -1  -3  -3  -4  -3   4   1  -3   1   0  -3  -2  -1  -3  -1   2    0   0   0   0   0   0   0   0   0   0   0   0   0   0   0   0   0   0   0   0  0.00     0.00
    4 F    -2  -3  -3  -3  -2  -3  -3  -3  -1   0   0  -3   0   6  -4  -2  -2   1   3  -1    0   0   0   0   0   0   0   0   0   0   0   0   0   0   0   0   0   0   0   0  0.00     0.00
    5 A     4  -1  -2  -2   0  -1  -1   0  -2  -1  -1  -1  -1  -2  -1   1   0  -2  -2   0    0   0   0   0   0   0   0   0   0   0   0   0   0   0   0   0   0   0   0   0  0.00     0.00
    6 Y    -2  -2  -2  -3  -2  -1  -2  -3   2  -1  -1  -2  -1   3  -3  -2  -2   2   6  -1    0   0   0   0   0   0   0   0   0   0   0   0   0   0   0   0   0   0   0   0  0.00     0.00
    7 S     1  -1   1   0  -1   0   0   0  -1  -2  -2   0  -1  -2  -1   4   1  -3  -2  -2    0   0   0   0   0   0   0   0   0   0   0   0   0   0   0   0   0   0   0   0  0.00     0.00
    8 I    -1  -3  -3  -3  -1  -3  -3  -4  -3   4   1  -3   1   0  -3  -2  -1  -3  -1   2    0   0   0   0   0   0   0   0   0   0   0   0   0   0   0   0   0   0   0   0  0.00     0.00
    9 L    -1  -2  -3  -4  -1  -2  -3  -4  -3   1   4  -2   2   0  -3  -2  -1  -2  -1   1    0   0   0   0   0   0   0   0   0   0   0   0   0   0   0   0   0   0   0   0  0.00     0.00
   10 A     4  -1  -2  -2   0  -1  -1   0  -2  -1  -1  -1  -1  -2  -1   1   0  -2  -2   0    0   0   0   0   0   0   0   0   0   0   0   0   0   0   0   0   0   0   0   0  0.00     0.00
   11 G     0  -2   0  -1  -2  -2  -2   5  -2  -4  -4  -2  -3  -3  -2   0  -2  -2  -3  -3    0   0   0   0   0   0   0   0   0   0   0   0   0   0   0   0   0   0   0   0  0.00     0.00
   12 L    -1  -2  -3  -4  -1  -2  -3  -4  -3   1   4  -2   2   0  -3  -2  -1  -2  -1   1    0   0   0   0   0   0   0   0   0   0   0   0   0   0   0   0   0   0   0   0  0.00     0.00
   13 A     4  -1  -2  -2   0  -1  -1   0  -2  -1  -1  -1  -1  -2  -1   1   0  -2  -2   0    0   0   0   0   0   0   0   0   0   0   0   0   0   0   0   0   0   0   0   0  0.00     0.00
   14 P    -1  -2  -2  -1  -3  -1  -1  -2  -2  -3  -3  -1  -2  -4   7  -1  -1  -4  -3  -2    0   0   0   0   0   0   0   0   0   0   0   0   0   0   0   0   0   0   0   0  0.00     0.00
   15 L    -1  -2  -3  -4  -1  -2  -3  -4  -3   1   4  -2   2   0  -3  -2  -1  -2  -1   1    0   0   0   0   0   0   0   0   0   0   0   0   0   0   0   0   0   0   0   0  0.00     0.00
   16 L    -1  -2  -3  -4  -1  -2  -3  -4  -3   1   4  -2   2   0  -3  -2  -1  -2  -1   1    0   0   0   0   0   0   0   0   0   0   0   0   0   0   0   0   0   0   0   0  0.00     0.00
   17 S     1  -1   1   0  -1   0   0   0  -1  -2  -2   0  -1  -2  -1   4   1  -3  -2  -2    0   0   0   0   0   0   0   0   0   0   0   0   0   0   0   0   0   0   0   0  0.00     0.00
   18 S     1  -1   1   0  -1   0   0   0  -1  -2  -2   0  -1  -2  -1   4   1  -3  -2  -2    0   0   0   0   0   0   0   0   0   0   0   0   0   0   0   0   0   0   0   0  0.00     0.00
   19 S     1  -1   1   0  -1   0   0   0  -1  -2  -2   0  -1  -2  -1   4   1  -3  -2  -2    0   0   0   0   0   0   0   0   0   0   0   0   0   0   0   0   0   0   0   0  0.00     0.00
   20 I    -1  -3  -3  -3  -1  -3  -3  -4  -3   4   1  -3   1   0  -3  -2  -1  -3  -1   2    0   0   0   0   0   0   0   0   0   0   0   0   0   0   0   0   0   0   0   0  0.00     0.00
   21 P    -1  -2  -2  -1  -3  -1  -1  -2  -2  -3  -3  -1  -2  -4   7  -1  -1  -4  -3  -2    0   0   0   0   0   0   0   0   0   0   0   0   0   0   0   0   0   0   0   0  0.00     0.00
   22 F    -2  -3  -3  -3  -2  -3  -3  -3  -1   0   0  -3   0   6  -4  -2  -2   1   3  -1    0   0   0   0   0   0   0   0   0   0   0   0   0   0   0   0   0   0   0   0  0.00     0.00
   23 F    -2  -3  -3  -3  -2  -3  -3  -3  -1   0   0  -3   0   6  -4  -2  -2   1   3  -1    0   0   0   0   0   0   0   0   0   0   0   0   0   0   0   0   0   0   0   0  0.00     0.00
   24 T     0  -1   0  -1  -1  -1  -1  -2  -2  -1  -1  -1  -1  -2  -1   1   4  -2  -2   0    0   0   0   0   0   0   0   0   0   0   0   0   0   0   0   0   0   0   0   0  0.00     0.00
   25 L    -1  -2  -3  -4  -1  -2  -3  -4  -3   1   4  -2   2   0  -3  -2  -1  -2  -1   1    0   0   0   0   0   0   0   0   0   0   0   0   0   0   0   0   0   0   0   0  0.00     0.00
   26 R    -1   5   0  -2  -3   1   0  -2   0  -3  -2   2  -1  -3  -2  -1  -1  -3  -2  -2    0   0   0   0   0   0   0   0   0   0   0   0   0   0   0   0   0   0   0   0  0.00     0.00
   27 N    -2   0   6   1  -3   0   0   0   1  -3  -3   0  -2  -3  -2   1   0  -4  -2  -3    0   0   0   0   0   0   0   0   0   0   0   0   0   0   0   0   0   0   0   0  0.00     0.00
   28 R    -1   5   0  -2  -3   1   0  -2   0  -3  -2   2  -1  -3  -2  -1  -1  -3  -2  -2    0   0   0   0   0   0   0   0   0   0   0   0   0   0   0   0   0   0   0   0  0.00     0.00
   29 N    -2   0   6   1  -3   0   0   0   1  -3  -3   0  -2  -3  -2   1   0  -4  -2  -3    0   0   0   0   0   0   0   0   0   0   0   0   0   0   0   0   0   0   0   0  0.00     0.00
   30 I    -1  -3  -3  -3  -1  -3  -3  -4  -3   4   1  -3   1   0  -3  -2  -1  -3  -1   2    0   0   0   0   0   0   0   0   0   0   0   0   0   0   0   0   0   0   0   0  0.00     0.00
   31 N    -2   0   6   1  -3   0   0   0   1  -3  -3   0  -2  -3  -2   1   0  -4  -2  -3    0   0   0   0   0   0   0   0   0   0   0   0   0   0   0   0   0   0   0   0  0.00     0.00
   32 A     4  -1  -2  -2   0  -1  -1   0  -2  -1  -1  -1  -1  -2  -1   1   0  -2  -2   0    0   0   0   0   0   0   0   0   0   0   0   0   0   0   0   0   0   0   0   0  0.00     0.00
   33 S     1  -1   1   0  -1   0   0   0  -1  -2  -2   0  -1  -2  -1   4   1  -3  -2  -2    0   0   0   0   0   0   0   0   0   0   0   0   0   0   0   0   0   0   0   0  0.00     0.00
   34 V     0  -2  -3  -3  -1  -2  -2  -3  -3   2   1  -2   1  -1  -2  -2   0  -3  -1   4    0   0   0   0   0   0   0   0   0   0   0   0   0   0   0   0   0   0   0   0  0.00     0.00
   35 F    -2  -3  -3  -3  -2  -3  -3  -3  -1   0   0  -3   0   6  -4  -2  -2   1   3  -1    0   0   0   0   0   0   0   0   0   0   0   0   0   0   0   0   0   0   0   0  0.00     0.00
   36 H    -2   0   1  -1  -3   0   0  -2   7  -3  -3  -1  -2  -1  -2  -1  -2  -2   2  -3    0   0   0   0   0   0   0   0   0   0   0   0   0   0   0   0   0   0   0   0  0.00     0.00
   37 I    -1  -3  -3  -3  -1  -3  -3  -4  -3   4   1  -3   1   0  -3  -2  -1  -3  -1   2    0   0   0   0   0   0   0   0   0   0   0   0   0   0   0   0   0   0   0   0  0.00     0.00
   38 L    -1  -2  -3  -4  -1  -2  -3  -4  -3   1   4  -2   2   0  -3  -2  -1  -2  -1   1    0   0   0   0   0   0   0   0   0   0   0   0   0   0   0   0   0   0   0   0  0.00     0.00
   39 L    -1  -2  -3  -4  -1  -2  -3  -4  -3   1   4  -2   2   0  -3  -2  -1  -2  -1   1    0   0   0   0   0   0   0   0   0   0   0   0   0   0   0   0   0   0   0   0  0.00     0.00
   40 C     0  -3  -3  -3   8  -3  -4  -2  -3  -1  -1  -3  -1  -2  -3  -1  -1  -2  -2  -1    0   0   0   0   0   0   0   0   0   0   0   0   0   0   0   0   0   0   0   0  0.00     0.00
   41 I    -1  -3  -3  -3  -1  -3  -3  -4  -3   4   1  -3   1   0  -3  -2  -1  -3  -1   2    0   0   0   0   0   0   0   0   0   0   0   0   0   0   0   0   0   0   0   0  0.00     0.00
   42 S     1  -1   1   0  -1   0   0   0  -1  -2  -2   0  -1  -2  -1   4   1  -3  -2  -2    0   0   0   0   0   0   0   0   0   0   0   0   0   0   0   0   0   0   0   0  0.00     0.00
   43 A     4  -1  -2  -2   0  -1  -1   0  -2  -1  -1  -1  -1  -2  -1   1   0  -2  -2   0    0   0   0   0   0   0   0   0   0   0   0   0   0   0   0   0   0   0   0   0  0.00     0.00
   44 G     0  -2   0  -1  -2  -2  -2   5  -2  -4  -4  -2  -3  -3  -2   0  -2  -2  -3  -3    0   0   0   0   0   0   0   0   0   0   0   0   0   0   0   0   0   0   0   0  0.00     0.00
   45 L    -1  -2  -3  -4  -1  -2  -3  -4  -3   1   4  -2   2   0  -3  -2  -1  -2  -1   1    0   0   0   0   0   0   0   0   0   0   0   0   0   0   0   0   0   0   0   0  0.00     0.00
   46 L    -1  -2  -3  -4  -1  -2  -3  -4  -3   1   4  -2   2   0  -3  -2  -1  -2  -1   1    0   0   0   0   0   0   0   0   0   0   0   0   0   0   0   0   0   0   0   0  0.00     0.00
   47 F    -2  -3  -3  -3  -2  -3  -3  -3  -1   0   0  -3   0   6  -4  -2  -2   1   3  -1    0   0   0   0   0   0   0   0   0   0   0   0   0   0   0   0   0   0   0   0  0.00     0.00
   48 A     4  -1  -2  -2   0  -1  -1   0  -2  -1  -1  -1  -1  -2  -1   1   0  -2  -2   0    0   0   0   0   0   0   0   0   0   0   0   0   0   0   0   0   0   0   0   0  0.00     0.00
   49 V     0  -2  -3  -3  -1  -2  -2  -3  -3   2   1  -2   1  -1  -2  -2   0  -3  -1   4    0   0   0   0   0   0   0   0   0   0   0   0   0   0   0   0   0   0   0   0  0.00     0.00
   50 A     4  -1  -2  -2   0  -1  -1   0  -2  -1  -1  -1  -1  -2  -1   1   0  -2  -2   0    0   0   0   0   0   0   0   0   0   0   0   0   0   0   0   0   0   0   0   0  0.00     0.00
   51 S     1  -1   1   0  -1   0   0   0  -1  -2  -2   0  -1  -2  -1   4   1  -3  -2  -2    0   0   0   0   0   0   0   0   0   0   0   0   0   0   0   0   0   0   0   0  0.00     0.00
   52 L    -1  -2  -3  -4  -1  -2  -3  -4  -3   1   4  -2   2   0  -3  -2  -1  -2  -1   1    0   0   0   0   0   0   0   0   0   0   0   0   0   0   0   0   0   0   0   0  0.00     0.00
   53 E    -1   0   0   1  -4   2   5  -2   0  -3  -3   1  -2  -3  -1   0  -1  -3  -2  -2    0   0   0   0   0   0   0   0   0   0   0   0   0   0   0   0   0   0   0   0  0.00     0.00
   54 L    -1  -2  -3  -4  -1  -2  -3  -4  -3   1   4  -2   2   0  -3  -2  -1  -2  -1   1    0   0   0   0   0   0   0   0   0   0   0   0   0   0   0   0   0   0   0   0  0.00     0.00
   55 I    -1  -3  -3  -3  -1  -3  -3  -4  -3   4   1  -3   1   0  -3  -2  -1  -3  -1   2    0   0   0   0   0   0   0   0   0   0   0   0   0   0   0   0   0   0   0   0  0.00     0.00
   56 P    -1  -2  -2  -1  -3  -1  -1  -2  -2  -3  -3  -1  -2  -4   7  -1  -1  -4  -3  -2    0   0   0   0   0   0   0   0   0   0   0   0   0   0   0   0   0   0   0   0  0.00     0.00
   57 E    -1   0   0   1  -4   2   5  -2   0  -3  -3   1  -2  -3  -1   0  -1  -3  -2  -2    0   0   0   0   0   0   0   0   0   0   0   0   0   0   0   0   0   0   0   0  0.00     0.00
   58 S     1  -1   1   0  -1   0   0   0  -1  -2  -2   0  -1  -2  -1   4   1  -3  -2  -2    0   0   0   0   0   0   0   0   0   0   0   0   0   0   0   0   0   0   0   0  0.00     0.00
   59 M    -1  -1  -2  -3  -1   0  -2  -3  -2   1   2  -1   5   0  -2  -1  -1  -1  -1   1    0   0   0   0   0   0   0   0   0   0   0   0   0   0   0   0   0   0   0   0  0.00     0.00
   60 N    -2   0   6   1  -3   0   0   0   1  -3  -3   0  -2  -3  -2   1   0  -4  -2  -3    0   0   0   0   0   0   0   0   0   0   0   0   0   0   0   0   0   0   0   0  0.00     0.00
   61 L    -1  -2  -3  -4  -1  -2  -3  -4  -3   1   4  -2   2   0  -3  -2  -1  -2  -1   1    0   0   0   0   0   0   0   0   0   0   0   0   0   0   0   0   0   0   0   0  0.00     0.00
   62 A     4  -1  -2  -2   0  -1  -1   0  -2  -1  -1  -1  -1  -2  -1   1   0  -2  -2   0    0   0   0   0   0   0   0   0   0   0   0   0   0   0   0   0   0   0   0   0  0.00     0.00
   63 L    -1  -2  -3  -4  -1  -2  -3  -4  -3   1   4  -2   2   0  -3  -2  -1  -2  -1   1    0   0   0   0   0   0   0   0   0   0   0   0   0   0   0   0   0   0   0   0  0.00     0.00
   64 R    -1   5   0  -2  -3   1   0  -2   0  -3  -2   2  -1  -3  -2  -1  -1  -3  -2  -2    0   0   0   0   0   0   0   0   0   0   0   0   0   0   0   0   0   0   0   0  0.00     0.00
   65 S     1  -1   1   0  -1   0   0   0  -1  -2  -2   0  -1  -2  -1   4   1  -3  -2  -2    0   0   0   0   0   0   0   0   0   0   0   0   0   0   0   0   0   0   0   0  0.00     0.00
   66 F    -2  -3  -3  -3  -2  -3  -3  -3  -1   0   0  -3   0   6  -4  -2  -2   1   3  -1    0   0   0   0   0   0   0   0   0   0   0   0   0   0   0   0   0   0   0   0  0.00     0.00
   67 E    -1   0   0   1  -4   2   5  -2   0  -3  -3   1  -2  -3  -1   0  -1  -3  -2  -2    0   0   0   0   0   0   0   0   0   0   0   0   0   0   0   0   0   0   0   0  0.00     0.00
   68 E    -1   0   0   1  -4   2   5  -2   0  -3  -3   1  -2  -3  -1   0  -1  -3  -2  -2    0   0   0   0   0   0   0   0   0   0   0   0   0   0   0   0   0   0   0   0  0.00     0.00
   69 S     1  -1   1   0  -1   0   0   0  -1  -2  -2   0  -1  -2  -1   4   1  -3  -2  -2    0   0   0   0   0   0   0   0   0   0   0   0   0   0   0   0   0   0   0   0  0.00     0.00
   70 T     0  -1   0  -1  -1  -1  -1  -2  -2  -1  -1  -1  -1  -2  -1   1   4  -2  -2   0    0   0   0   0   0   0   0   0   0   0   0   0   0   0   0   0   0   0   0   0  0.00     0.00
   71 K    -1   2   0  -1  -3   1   1  -2  -1  -3  -2   4  -1  -3  -1   0  -1  -3  -2  -2    0   0   0   0   0   0   0   0   0   0   0   0   0   0   0   0   0   0   0   0  0.00     0.00
   72 T     0  -1   0  -1  -1  -1  -1  -2  -2  -1  -1  -1  -1  -2  -1   1   4  -2  -2   0    0   0   0   0   0   0   0   0   0   0   0   0   0   0   0   0   0   0   0   0  0.00     0.00
   73 Q    -1   1   0   0  -3   5   2  -2   0  -3  -2   1   0  -3  -1   0  -1  -2  -1  -2    0   0   0   0   0   0   0   0   0   0   0   0   0   0   0   0   0   0   0   0  0.00     0.00
   74 T     0  -1   0  -1  -1  -1  -1  -2  -2  -1  -1  -1  -1  -2  -1   1   4  -2  -2   0    0   0   0   0   0   0   0   0   0   0   0   0   0   0   0   0   0   0   0   0  0.00     0.00
   75 S     1  -1   1   0  -1   0   0   0  -1  -2  -2   0  -1  -2  -1   4   1  -3  -2  -2    0   0   0   0   0   0   0   0   0   0   0   0   0   0   0   0   0   0   0   0  0.00     0.00
   76 L    -1  -2  -3  -4  -1  -2  -3  -4  -3   1   4  -2   2   0  -3  -2  -1  -2  -1   1    0   0   0   0   0   0   0   0   0   0   0   0   0   0   0   0   0   0   0   0  0.00     0.00
   77 K    -1   2   0  -1  -3   1   1  -2  -1  -3  -2   4  -1  -3  -1   0  -1  -3  -2  -2    0   0   0   0   0   0   0   0   0   0   0   0   0   0   0   0   0   0   0   0  0.00     0.00
   78 S     1  -1   1   0  -1   0   0   0  -1  -2  -2   0  -1  -2  -1   4   1  -3  -2  -2    0   0   0   0   0   0   0   0   0   0   0   0   0   0   0   0   0   0   0   0  0.00     0.00
   79 T     0  -1   0  -1  -1  -1  -1  -2  -2  -1  -1  -1  -1  -2  -1   1   4  -2  -2   0    0   0   0   0   0   0   0   0   0   0   0   0   0   0   0   0   0   0   0   0  0.00     0.00
   80 T     0  -1   0  -1  -1  -1  -1  -2  -2  -1  -1  -1  -1  -2  -1   1   4  -2  -2   0    0   0   0   0   0   0   0   0   0   0   0   0   0   0   0   0   0   0   0   0  0.00     0.00
   81 T     0  -1   0  -1  -1  -1  -1  -2  -2  -1  -1  -1  -1  -2  -1   1   4  -2  -2   0    0   0   0   0   0   0   0   0   0   0   0   0   0   0   0   0   0   0   0   0  0.00     0.00
   82 K    -1   2   0  -1  -3   1   1  -2  -1  -3  -2   4  -1  -3  -1   0  -1  -3  -2  -2    0   0   0   0   0   0   0   0   0   0   0   0   0   0   0   0   0   0   0   0  0.00     0.00
   83 T     0  -1   0  -1  -1  -1  -1  -2  -2  -1  -1  -1  -1  -2  -1   1   4  -2  -2   0    0   0   0   0   0   0   0   0   0   0   0   0   0   0   0   0   0   0   0   0  0.00     0.00
   84 T     0  -1   0  -1  -1  -1  -1  -2  -2  -1  -1  -1  -1  -2  -1   1   4  -2  -2   0    0   0   0   0   0   0   0   0   0   0   0   0   0   0   0   0   0   0   0   0  0.00     0.00
   85 T     0  -1   0  -1  -1  -1  -1  -2  -2  -1  -1  -1  -1  -2  -1   1   4  -2  -2   0    0   0   0   0   0   0   0   0   0   0   0   0   0   0   0   0   0   0   0   0  0.00     0.00
   86 T     0  -1   0  -1  -1  -1  -1  -2  -2  -1  -1  -1  -1  -2  -1   1   4  -2  -2   0    0   0   0   0   0   0   0   0   0   0   0   0   0   0   0   0   0   0   0   0  0.00     0.00
   87 T     0  -1   0  -1  -1  -1  -1  -2  -2  -1  -1  -1  -1  -2  -1   1   4  -2  -2   0    0   0   0   0   0   0   0   0   0   0   0   0   0   0   0   0   0   0   0   0  0.00     0.00
   88 T     0  -1   0  -1  -1  -1  -1  -2  -2  -1  -1  -1  -1  -2  -1   1   4  -2  -2   0    0   0   0   0   0   0   0   0   0   0   0   0   0   0   0   0   0   0   0   0  0.00     0.00
   89 T     0  -1   0  -1  -1  -1  -1  -2  -2  -1  -1  -1  -1  -2  -1   1   5  -3  -2   0    0   0   0   0   0   0   0   0   0   0   0   0   0   0   0   0 100   0   0   0  0.48 0.00
   90 I    -1  -3  -3  -3  -1  -3  -3  -4  -3   4   2  -3   1   0  -3  -3  -1  -3  -1   3    0   0   0   0   0   0   0   0   0 100   0   0   0   0   0   0   0   0   0   0  0.39 0.00
   91 G    -1  -1   0  -1  -3  -1  -1   4   6  -4  -3  -1  -2  -2  -2  -1  -2  -3   0  -3    0   0   0   0   0   0   0  50  50   0   0   0   0   0   0   0   0   0   0   0  0.62 0.00
   92 N    -2  -1   5   5  -3   0   1  -1   0  -3  -4   0  -3  -3  -2   0  -1  -4  -3  -3    0   0  50  50   0   0   0   0   0   0   0   0   0   0   0   0   0   0   0   0  0.67 0.00
   93 I    -1  -3  -3  -3  -1  -3  -3  -4  -3   4   2  -3   1   0  -3  -3  -1  -3  -1   3    0   0   0   0   0   0   0   0   0 100   0   0   0   0   0   0   0   0   0   0  0.39 0.00
   94 K    -1   2   0  -1  -3   1   1  -2  -1  -3  -3   5  -1  -3  -1   0  -1  -3  -2  -2    0   0   0   0   0   0   0   0   0   0   0 100   0   0   0   0   0   0   0   0  0.52 0.00
   95 L    -1  -1  -1  -1  -1  -1  -1  -1  -1   1   3  -1   1   0  -1  -1   0  -1  -1   0    4   3   2   3   1   2   3   4   1   3  55   3   1   2   3   4   3   1   2   3  0.09 0.00
   96 Q     0   1   0   0  -1   4   1  -1   0  -1  -1   1   0  -1   0   0   0  -1  -1  -1    4   3   2   3   1  52   3   4   1   3   5   3   1   2   3   4   3   1   2   3  0.23 0.00
   97 K     0   1   0   0  -1   1   1  -1   0  -1  -1   3  -1  -1   0   0   0  -1  -1  -1    4   3   2   3   1   2   3   4   1   3   5  53   1   2   3   4   3   1   2   3  0.17 0.00
   98 S     1   0   0   0  -1   0   0   0  -1  -1  -1   0  -1  -1   0   3   1  -1  -1  -1    4   3   2   3   1   2   3   4   1   3   5   3   1   2   3  54   3   1   2   3  0.17 0.00
   99 F    -1  -1  -1  -1  -1  -1  -1  -1  -1   0   0  -1   0   5  -1  -1  -1   1   2  -1    4   3   2   3   1   2   3   4   1   3   5   3   1  52   3   4   3   1   2   3  0.19 0.00
  100 I    -1  -3  -3  -3  -1  -3  -3  -4  -3   4   2  -3   1   0  -3  -3  -1  -3  -1   3    0   0   0   0   0   0   0   0   0 100   0   0   0   0   0   0   0   0   0   0  0.39 0.00
  101 S     1  -1   1   0  -1   0   0   0  -1  -3  -3   0  -2  -3  -1   4   1  -3  -2  -2    0   0   0   0   0   0   0   0   0   0   0   0   0   0   0 100   0   0   0   0  0.46 0.00
  102 N    -2  -1   5   5  -3   0   1  -1   0  -3  -4   0  -3  -3  -2   0  -1  -4  -3  -3    0   0  50  50   0   0   0   0   0   0   0   0   0   0   0   0   0   0   0   0  0.67 0.00
  103 S     0  -2  -1  -2  -2  -1  -1  -1  -1  -1  -1  -1  -1   5  -2   2   0   0   2  -1    0   0   0   0   0   0   0   0   0   0   0   0   0  50   0  50   0   0   0   0  0.28 0.00
  104 E    -1  -1  -1   0  -2   1   3  -3  -1   0   1   0   4  -1  -2  -1  -1  -2  -2  -1    0   0   0   0   0   0  50   0   0   0   0   0  50   0   0   0   0   0   0   0  0.27 0.00
  105 D    -1  -1   1   5  -4   1   4  -2  -1  -3  -3   0  -3  -4  -1   0  -1  -4  -3  -3    0   0   0  50   0   0  50   0   0   0   0   0   0   0   0   0   0   0   0   0  0.69 0.00
  106 S     1  -1   0  -1  -1   0  -1  -1  -1  -2  -2   0  -1  -2  -1   3   4  -3  -2  -1    0   0   0   0   0   0   0   0   0   0   0   0   0   0   0  50  50   0   0   0  0.39 0.00
  107 L    -1  -2  -1  -2  -1  -1  -2  -3  -2   1   2  -2   1  -1  -2   0   3  -2  -1   0    0   0   0   0   0   0   0   0   0   0  50   0   0   0   0   0  50   0   0   0  0.25 0.00
  108 N    -2  -1   5   5  -3   0   1  -1   0  -3  -4   0  -3  -3  -2   0  -1  -4  -3  -3    0   0  50  50   0   0   0   0   0   0   0   0   0   0   0   0   0   0   0   0  0.67 0.00
  109 E    -1  -1  -1   0  -3   1   3  -3   1  -2  -2   0  -2   1  -2  -1  -1   1   5  -2    0   0   0   0   0   0  50   0   0   0   0   0   0   0   0   0   0   0  50   0  0.47 0.00
  110 F    -2  -3  -3  -4  -3  -3  -3  -3  -1   0   0  -3   0   7  -4  -3  -2   1   3  -1    0   0   0   0   0   0   0   0   0   0   0   0   0 100   0   0   0   0   0   0  0.74 0.01
  111 H    -1   0   0   1  -4   1   4  -2   6  -3  -3   0  -2  -2  -2  -1  -1  -3   0  -3    0   0   0   0   0   0  50   0  50   0   0   0   0   0   0   0   0   0   0   0  0.58 0.00
  112 S     1  -1   0  -1  -1   0  -1  -1  -1  -2  -2   0  -1  -2  -1   3   4  -3  -2  -1    0   0   0   0   0   0   0   0   0   0   0   0   0   0   0  50  50   0   0   0  0.39 0.00
  113 L    -1  -2  -1  -2  -1  -1  -2  -3  -2   1   2  -2   1  -1  -2   0   3  -2  -1   0    0   0   0   0   0   0   0   0   0   0  50   0   0   0   0   0  50   0   0   0  0.25 0.00
  114 D    -2  -2   1   6  -4   0   2  -1  -1  -3  -4  -1  -3  -4  -2   0  -1  -5  -3  -3    0   0   0 100   0   0   0   0   0   0   0   0   0   0   0   0   0   0   0   0  0.93 0.00
  115 N    -2   0   6   1  -3   0   0   0   1  -3  -4   0  -2  -3  -2   1   0  -4  -2  -3    0   0 100   0   0   0   0   0   0   0   0   0   0   0   0   0   0   0   0   0  0.73 0.01
  116 E    -1   0   0   2  -4   2   5  -2   0  -3  -3   1  -2  -3  -1   0  -1  -3  -2  -3    0   0   0   0   0   0 100   0   0   0   0   0   0   0   0   0   0   0   0   0  0.74 0.00
  117 I    -1  -3  -3  -3  -1  -3  -3  -4  -3   4   2  -3   1   0  -3  -3  -1  -3  -1   3    0   0   0   0   0   0   0   0   0 100   0   0   0   0   0   0   0   0   0   0  0.39 0.00
  118 N    -2   0   6   1  -3   0   0   0   1  -3  -4   0  -2  -3  -2   1   0  -4  -2  -3    0   0 100   0   0   0   0   0   0   0   0   0   0   0   0   0   0   0   0   0  0.73 0.01
  119 K    -1   1  -1  -2  -2   0  -1  -3  -2   2   0   3   0  -1  -2  -1  -1  -3  -2   1    0   0   0   0   0   0   0   0   0  50   0  50   0   0   0   0   0   0   0   0  0.16 0.00
  120 P    -1  -3  -2  -2   7  -2  -2  -2  -3  -2  -2  -2  -2  -3   6  -1  -1  -3  -3  -2    0   0   0   0  50   0   0   0   0   0   0   0   0   0  50   0   0   0   0   0  1.16 0.00
  121 P    -1  -2   0   4  -3  -1   1  -2  -2  -3  -3  -1  -3  -4   6  -1  -1  -4  -3  -3    0   0   0  50   0   0   0   0   0   0   0   0   0   0  50   0   0   0   0   0  1.07 0.00
  122 I     0  -2  -1  -1  -1  -1  -1  -2  -2   2   0  -1   0  -1  -2   2   1  -3  -2   1    0   0   0   0   0   0   0   0   0  50   0   0   0   0   0  50   0   0   0   0  0.16 0.00
  123 E    -1   0   0   2  -4   2   5  -2   0  -3  -3   1  -2  -3  -1   0  -1  -3  -2  -3    0   0   0   0   0   0 100   0   0   0   0   0   0   0   0   0   0   0   0   0  0.74 0.00
  124 G     1  -2   0  -1  -2  -1  -1   4  -2  -3  -3  -1  -2  -3  -2   3   0  -3  -2  -2    0   0   0   0   0   0   0  50   0   0   0   0   0   0   0  50   0   0   0   0  0.53 0.00
  125 L    -1  -2  -3  -3  -2  -2  -2  -3  -3   0   2  -2   1  -1   6  -2  -1  -3  -2   0    0   0   0   0   0   0   0   0   0   0  50   0   0   0  50   0   0   0   0   0  0.80 0.00
  126 N    -2  -1   5   5  -3   0   1  -1   0  -3  -4   0  -3  -3  -2   0  -1  -4  -3  -3    0   0  50  50   0   0   0   0   0   0   0   0   0   0   0   0   0   0   0   0  0.67 0.00
  127 L    -2  -1  -1  -2  -2  -1  -1  -3   6   0   2  -2   1   0  -3  -2  -2  -2   1  -1    0   0   0   0   0   0   0   0  50   0  50   0   0   0   0   0   0   0   0   0  0.34 0.00
  128 N    -2  -1   5   5  -3   0   1  -1   0  -3  -4   0  -3  -3  -2   0  -1  -4  -3  -3    0   0  50  50   0   0   0   0   0   0   0   0   0   0   0   0   0   0   0   0  0.67 0.00
  129 N    -1   0   4   1  -3   1   4  -1   0  -3  -3   0  -2  -3  -2   0   0  -3  -2  -3    0   0  50   0   0   0  50   0   0   0   0   0   0   0   0   0   0   0   0   0  0.54 0.00
  130 L    -1  -2  -3  -4  -1  -2  -3  -4  -3   2   3  -3   2   0  -3  -2  -1  -2  -1   3    0   0   0   0   0   0   0   0   0   0  50   0   0   0   0   0   0   0   0  50  0.32 0.00
  131 N    -2   4   4   0  -3   1   0  -1   0  -3  -3   1  -2  -3  -2   0  -1  -3  -2  -3    0  50  50   0   0   0   0   0   0   0   0   0   0   0   0   0   0   0   0   0  0.52 0.00
  132 Q    -1   0   4   1  -3   4   1  -1   1  -3  -3   1  -1  -3  -2   0   0  -3  -2  -3    0   0  50   0   0  50   0   0   0   0   0   0   0   0   0   0   0   0   0   0  0.51 0.00
  133 A     3  -1  -1   0  -2   1   4  -1  -1  -2  -2   0  -2  -3  -1   1   0  -3  -2  -1   50   0   0   0   0   0  50   0   0   0   0   0   0   0   0   0   0   0   0   0  0.36 0.00
  134 T     0  -1   0  -1  -1  -1  -1  -2  -2  -1  -1  -1  -1  -2  -1   1   5  -3  -2   0    0   0   0   0   0   0   0   0   0   0   0   0   0   0   0   0 100   0   0   0  0.48 0.00
  135 N    -1  -1   4   0  -2   0  -1  -1   0  -2  -2   0  -1  -3  -2   1   3  -3  -2  -1    0   0  50   0   0   0   0   0   0   0   0   0   0   0   0   0  50   0   0   0  0.42 0.00
  136 L    -1  -1  -1  -1  -1  -1  -1  -1  -1   1   3  -1   1   0  -1  -1   0  -1  -1   0    4   3   2   3   1   2   3   4   1   3  55   3   1   2   3   4   3   1   2   3  0.09 0.00
  137 D    -2  -2   1   6  -4   0   2  -1  -1  -3  -4  -1  -3  -4  -2   0  -1  -5  -3  -3    0   0   0 100   0   0   0   0   0   0   0   0   0   0   0   0   0   0   0   0  0.93 0.00
  138 N    -2   0   6   1  -3   0   0   0   1  -3  -4   0  -2  -3  -2   1   0  -4  -2  -3    0   0 100   0   0   0   0   0   0   0   0   0   0   0   0   0   0   0   0   0  0.73 0.01
  139 N    -2   0   6   1  -3   0   0   0   1  -3  -4   0  -2  -3  -2   1   0  -4  -2  -3    0   0 100   0   0   0   0   0   0   0   0   0   0   0   0   0   0   0   0   0  0.73 0.01
  140 E    -1   0   0   2  -4   2   5  -2   0  -3  -3   1  -2  -3  -1   0  -1  -3  -2  -3    0   0   0   0   0   0 100   0   0   0   0   0   0   0   0   0   0   0   0   0  0.74 0.00
  141 E     0   0   0   1  -2   1   4  -1  -1  -3  -3   0  -2  -3  -1   3   0  -3  -2  -2    0   0   0   0   0   0  50   0   0   0   0   0   0   0   0  50   0   0   0   0  0.43 0.00
  142 D     2  -2   0   4  -2  -1   1  -1  -1  -2  -3  -1  -2  -3  -1   1  -1  -3  -3  -1   50   0   0  50   0   0   0   0   0   0   0   0   0   0   0   0   0   0   0   0  0.41 0.00
  143 N    -2  -1   5   5  -3   0   1  -1   0  -3  -4   0  -3  -3  -2   0  -1  -4  -3  -3    0   0  50  50   0   0   0   0   0   0   0   0   0   0   0   0   0   0   0   0  0.67 0.00
  144 D    -2  -2   1   6  -4   0   2  -1  -1  -3  -4  -1  -3  -4  -2   0  -1  -5  -3  -3    0   0   0 100   0   0   0   0   0   0   0   0   0   0   0   0   0   0   0   0  0.93 0.00
  145 N    -2   0   6   1  -3   0   0   0   1  -3  -4   0  -2  -3  -2   1   0  -4  -2  -3    0   0 100   0   0   0   0   0   0   0   0   0   0   0   0   0   0   0   0   0  0.73 0.01
  146 L    -1  -1  -2   0  -2   1   3  -3  -1   0   2   0   1  -1  -2  -1  -1  -2  -2   0    0   0   0   0   0   0  50   0   0   0  50   0   0   0   0   0   0   0   0   0  0.26 0.00
  147 D    -1  -1   1   4  -2  -1   1  -2  -1  -2  -2  -1  -2  -3  -1   1   3  -3  -2  -1    0   0   0  50   0   0   0   0   0   0   0   0   0   0   0   0  50   0   0   0  0.46 0.00
  148 N    -1  -1   4   0  -2   0  -1  -1   0  -2  -2   0  -1  -3  -2   1   3  -3  -2  -1    0   0  50   0   0   0   0   0   0   0   0   0   0   0   0   0  50   0   0   0  0.42 0.00
  149 D    -2  -2   1   6  -4   0   2  -1  -1  -3  -4  -1  -3  -4  -2   0  -1  -5  -3  -3    0   0   0 100   0   0   0   0   0   0   0   0   0   0   0   0   0   0   0   0  0.93 0.00
  150 G    -1  -1   4   0  -3  -1  -1   4   0  -4  -4  -1  -3  -3  -2   0  -1  -3  -3  -3    0   0  50   0   0   0   0  50   0   0   0   0   0   0   0   0   0   0   0   0  0.62 0.00
  151 E    -1   0   4   1  -3   1   4  -1   0  -3  -3   0  -2  -3  -2   0   0  -3  -2  -3    0   0  50   0   0   0  50   0   0   0   0   0   0   0   0   0   0   0   0   0  0.54 0.00
  152 N    -1   0   4   1  -3   1   4  -1   0  -3  -3   0  -2  -3  -2   0   0  -3  -2  -3    0   0  50   0   0   0  50   0   0   0   0   0   0   0   0   0   0   0   0   0  0.54 0.00
  153 E     0   0   0   1  -2   1   4  -1  -1  -3  -3   0  -2  -3  -1   3   0  -3  -2  -2    0   0   0   0   0   0  50   0   0   0   0   0   0   0   0  50   0   0   0   0  0.43 0.00
  154 I     3  -2  -2  -3  -1  -2  -2  -1  -2   3   0  -2   0  -1  -2   0   0  -3  -2   2   50   0   0   0   0   0   0   0   0  50   0   0   0   0   0   0   0   0   0   0  0.19 0.00
  155 E    -1  -1   1   5  -4   1   4  -2  -1  -3  -3   0  -3  -4  -1   0  -1  -4  -3  -3    0   0   0  50   0   0  50   0   0   0   0   0   0   0   0   0   0   0   0   0  0.69 0.00
  156 N    -2  -1   5   5  -3   0   1  -1   0  -3  -4   0  -3  -3  -2   0  -1  -4  -3  -3    0   0  50  50   0   0   0   0   0   0   0   0   0   0   0   0   0   0   0   0  0.67 0.00
  157 D    -2  -1   5   5  -3   0   1  -1   0  -3  -4   0  -3  -3  -2   0  -1  -4  -3  -3    0   0  50  50   0   0   0   0   0   0   0   0   0   0   0   0   0   0   0   0  0.67 0.00
  158 H    -2   0   4   0  -3   0   0  -1   6  -3  -3   0  -2  -2  -2   0  -1  -3   0  -3    0   0  50   0   0   0   0   0  50   0   0   0   0   0   0   0   0   0   0   0  0.59 0.00
  159 D    -1  -1   1   5  -4   1   4  -2  -1  -3  -3   0  -3  -4  -1   0  -1  -4  -3  -3    0   0   0  50   0   0  50   0   0   0   0   0   0   0   0   0   0   0   0   0  0.69 0.00
  160 H    -2   0   4   0  -3   0   0  -1   6  -3  -3   0  -2  -2  -2   0  -1  -3   0  -3    0   0  50   0   0   0   0   0  50   0   0   0   0   0   0   0   0   0   0   0  0.59 0.00
  161 D    -1  -2   0   4  -3  -1   1  -2  -2  -3  -3  -1  -3  -4   6  -1  -1  -4  -3  -3    0   0   0  50   0   0   0   0   0   0   0   0   0   0  50   0   0   0   0   0  1.07 0.00
  162 H    -1   0   0   1  -4   1   4  -2   6  -3  -3   0  -2  -2  -2  -1  -1  -3   0  -3    0   0   0   0   0   0  50   0  50   0   0   0   0   0   0   0   0   0   0   0  0.58 0.00
  163 Q    -1   0   1   4  -3   4   2  -2   0  -3  -3   0  -2  -4  -1   0  -1  -3  -2  -3    0   0   0  50   0  50   0   0   0   0   0   0   0   0   0   0   0   0   0   0  0.58 0.00
  164 E    -1   0   4   1  -3   1   4  -1   0  -3  -3   0  -2  -3  -2   0   0  -3  -2  -3    0   0  50   0   0   0  50   0   0   0   0   0   0   0   0   0   0   0   0   0  0.54 0.00
  165 D    -2  -1   5   5  -3   0   1  -1   0  -3  -4   0  -3  -3  -2   0  -1  -4  -3  -3    0   0  50  50   0   0   0   0   0   0   0   0   0   0   0   0   0   0   0   0  0.67 0.00
  166 E    -1   1   0   1  -4   2   4  -2   0  -3  -3   3  -2  -3  -1   0  -1  -3  -2  -3    0   0   0   0   0   0  50   0   0   0   0  50   0   0   0   0   0   0   0   0  0.50 0.00
  167 G    -1  -1   4   0  -3  -1  -1   4   0  -4  -4  -1  -3  -3  -2   0  -1  -3  -3  -3    0   0  50   0   0   0   0  50   0   0   0   0   0   0   0   0   0   0   0   0  0.62 0.00
  168 G     3  -2  -1  -2  -1  -1  -2   4  -2  -2  -3  -1  -2  -3  -2   1  -1  -3  -3  -1   50   0   0   0   0   0   0  50   0   0   0   0   0   0   0   0   0   0   0   0  0.52 0.00
  169 D    -2  -2   1   6  -4   0   2  -1  -1  -3  -4  -1  -3  -4  -2   0  -1  -5  -3  -3    0   0   0 100   0   0   0   0   0   0   0   0   0   0   0   0   0   0   0   0  0.93 0.00
  170 N    -2  -1   5   5  -3   0   1  -1   0  -3  -4   0  -3  -3  -2   0  -1  -4  -3  -3    0   0  50  50   0   0   0   0   0   0   0   0   0   0   0   0   0   0   0   0  0.67 0.00
  171 D    -2  -1   5   5  -3   0   1  -1   0  -3  -4   0  -3  -3  -2   0  -1  -4  -3  -3    0   0  50  50   0   0   0   0   0   0   0   0   0   0   0   0   0   0   0   0  0.67 0.00
  172 H    -1   1   0  -1  -3   1   0  -2   6  -3  -3   3  -2  -2  -2  -1  -1  -3   0  -3    0   0   0   0   0   0   0   0  50   0   0  50   0   0   0   0   0   0   0   0  0.49 0.00
  173 D    -1  -1   1   5  -4   1   4  -2  -1  -3  -3   0  -3  -4  -1   0  -1  -4  -3  -3    0   0   0  50   0   0  50   0   0   0   0   0   0   0   0   0   0   0   0   0  0.69 0.00
  174 H    -2   0   4   0  -3   0   0  -1   6  -3  -3   0  -2  -2  -2   0  -1  -3   0  -3    0   0  50   0   0   0   0   0  50   0   0   0   0   0   0   0   0   0   0   0  0.59 0.00
  175 E    -1  -1  -1   0  -3   1   3  -2  -1  -3  -3   0  -2  -4   6  -1  -1  -3  -3  -3    0   0   0   0   0   0  50   0   0   0   0   0   0   0  50   0   0   0   0   0  1.01 0.00
  176 S     0  -1   1   4  -2   0   1  -1  -1  -3  -3   0  -2  -3  -1   3   0  -4  -2  -2    0   0   0  50   0   0   0   0   0   0   0   0   0   0   0  50   0   0   0   0  0.49 0.00
  177 E    -1   0   4   1  -3   1   4  -1   0  -3  -3   0  -2  -3  -2   0   0  -3  -2  -3    0   0  50   0   0   0  50   0   0   0   0   0   0   0   0   0   0   0   0   0  0.54 0.00
  178 E    -1   0   4   1  -3   1   4  -1   0  -3  -3   0  -2  -3  -2   0   0  -3  -2  -3    0   0  50   0   0   0  50   0   0   0   0   0   0   0   0   0   0   0   0   0  0.54 0.00
  179 K    -1   2   0  -1  -3   1   1  -2  -1  -3  -3   5  -1  -3  -1   0  -1  -3  -2  -2    0   0   0   0   0   0   0   0   0   0   0 100   0   0   0   0   0   0   0   0  0.52 0.00
  180 K    -1   1   0  -1  -3   1   0  -2   6  -3  -3   3  -2  -2  -2  -1  -1  -3   0  -3    0   0   0   0   0   0   0   0  50   0   0  50   0   0   0   0   0   0   0   0  0.49 0.00
  181 E     0   0   0   1  -2   1   4  -1   0  -1  -1   0  -1  -1   0   0   0  -1  -1  -1    4   3   2   3   1   2  53   4   1   3   5   3   1   2   3   4   3   1   2   3  0.25 0.00
  182 F    -1  -1  -1  -1  -1  -1  -1  -1  -1   0   0  -1   0   5  -1  -1  -1   1   2  -1    4   3   2   3   1   2   3   4   1   3   5   3   1  52   3   4   3   1   2   3  0.19 0.00
  183 L    -1  -1  -1  -1  -1  -1  -1  -1  -1   1   3  -1   1   0  -1  -1   0  -1  -1   0    4   3   2   3   1   2   3   4   1   3  55   3   1   2   3   4   3   1   2   3  0.09 0.00
  184 K     0   1   0   0  -1   1   1  -1   0  -1  -1   3  -1  -1   0   0   0  -1  -1  -1    4   3   2   3   1   2   3   4   1   3   5  53   1   2   3   4   3   1   2   3  0.17 0.00
  185 I    -1  -1  -1  -1  -1  -1  -1  -1  -1   3   1  -1   1   0  -1  -1   0  -1  -1   2    4   3   2   3   1   2   3   4   1  53   5   3   1   2   3   4   3   1   2   3  0.06 0.00
  186 P     0  -1  -1  -1  -1   0   0  -1  -1  -1  -1   0  -1  -2   6   0   0  -1  -1  -1    4   3   2   3   1   2   3   4   1   3   5   3   1   2  53   4   3   1   2   3  0.76 0.00
  187 M    -1  -1  -1  -2  -1  -1  -1  -2  -2   0   1  -1   4  -1  -2   0   3  -2  -1   0    0   0   0   0   0   0   0   0   0   0   0   0  50   0   0   0  50   0   0   0  0.24 0.00
  188 Y    -2  -2  -2  -3  -3  -2  -2  -3   2  -1  -1  -2  -1   3  -3  -2  -2   2   7  -1    0   0   0   0   0   0   0   0   0   0   0   0   0   0   0   0   0   0 100   0  0.87 0.01
  189 G     0  -2   0  -1  -3  -2  -2   6  -2  -4  -4  -2  -3  -3  -2   0  -2  -3  -3  -3    0   0   0   0   0   0   0 100   0   0   0   0   0   0   0   0   0   0   0   0  1.04 0.00
  190 I    -2  -2   4   0  -2  -1  -1  -2  -1   2   0  -1   0  -1  -3  -1   0  -3  -2   1    0   0  50   0   0   0   0   0   0  50   0   0   0   0   0   0   0   0   0   0  0.22 0.00
  191 G    -1  -1   4   0  -3  -1  -1   4   0  -4  -4  -1  -3  -3  -2   0  -1  -3  -3  -3    0   0  50   0   0   0   0  50   0   0   0   0   0   0   0   0   0   0   0   0  0.62 0.00
  192 F    -2  -3  -3  -4  -3  -3  -3  -3  -1   0   0  -3   0   7  -4  -3  -2   1   3  -1    0   0   0   0   0   0   0   0   0   0   0   0   0 100   0   0   0   0   0   0  0.74 0.01
  193 G     0  -1   0  -1  -1  -1  -1   4  -1  -2  -2  -1  -1  -1  -1   0  -1  -1  -1  -1    4   3   2   3   1   2   3  54   1   3   5   3   1   2   3   4   3   1   2   3  0.33 0.00
  194 F    -1  -1  -1  -1  -1  -1  -1  -1  -1   0   0  -1   0   5  -1  -1  -1   1   2  -1    4   3   2   3   1   2   3   4   1   3   5   3   1  52   3   4   3   1   2   3  0.19 0.00
  195 A     3  -1  -1  -1   0   0   0   0  -1  -1  -1   0  -1  -1   0   1   0  -1  -1   0   54   3   2   3   1   2   3   4   1   3   5   3   1   2   3   4   3   1   2   3  0.14 0.00
  196 I    -1  -1  -1  -1  -1  -1  -1  -1  -1   3   1  -1   1   0  -1  -1   0  -1  -1   2    4   3   2   3   1   2   3   4   1  53   5   3   1   2   3   4   3   1   2   3  0.06 0.00
  197 L    -1  -1  -1  -1  -1  -1  -1  -1  -1   1   3  -1   1   0  -1  -1   0  -1  -1   0    4   3   2   3   1   2   3   4   1   3  55   3   1   2   3   4   3   1   2   3  0.09 0.00
  198 I    -1  -1  -1  -1  -1  -1  -1  -1  -1   3   1  -1   1   0  -1  -1   0  -1  -1   2    4   3   2   3   1   2   3   4   1  53   5   3   1   2   3   4   3   1   2   3  0.06 0.00
  199 I    -1  -1  -1  -1  -1  -1  -1  -1  -1   3   1  -1   1   0  -1  -1   0  -1  -1   2    4   3   2   3   1   2   3   4   1  53   5   3   1   2   3   4   3   1   2   3  0.06 0.00
  200 V     0  -1  -1  -1  -1  -1  -1  -1  -1   2   0  -1   0  -1  -1  -1   0  -1  -1   3    4   3   2   3   1   2   3   4   1   3   5   3   1   2   3   4   3   1   2  53  0.07 0.00
  201 E     0   0   0   1  -2   1   4  -1   0  -1  -1   0  -1  -1   0   0   0  -1  -1  -1    4   3   2   3   1   2  53   4   1   3   5   3   1   2   3   4   3   1   2   3  0.25 0.00
  202 S     1   0   0   0  -1   0   0   0  -1  -1  -1   0  -1  -1   0   3   1  -1  -1  -1    4   3   2   3   1   2   3   4   1   3   5   3   1   2   3  54   3   1   2   3  0.17 0.00
  203 I    -1  -1  -1  -1  -1  -1  -1  -1  -1   3   1  -1   1   0  -1  -1   0  -1  -1   2    4   3   2   3   1   2   3   4   1  53   5   3   1   2   3   4   3   1   2   3  0.06 0.00
  204 F    -1  -1  -1  -1  -1  -1  -1  -1  -1   0   0  -1   0   5  -1  -1  -1   1   2  -1    4   3   2   3   1   2   3   4   1   3   5   3   1  52   3   4   3   1   2   3  0.19 0.00
  205 S     1   0   0   0  -1   0   0   0  -1  -1  -1   0  -1  -1   0   3   1  -1  -1  -1    4   3   2   3   1   2   3   4   1   3   5   3   1   2   3  54   3   1   2   3  0.17 0.00
  206 S     1   0   0   0  -1   0   0   0  -1  -1  -1   0  -1  -1   0   3   1  -1  -1  -1    4   3   2   3   1   2   3   4   1   3   5   3   1   2   3  54   3   1   2   3  0.17 0.00
  207 I    -2  -3  -3  -4  -2  -3  -3  -4  -2   3   1  -3   1   5  -3  -3  -1   0   2   1    0   0   0   0   0   0   0   0   0  50   0   0   0  50   0   0   0   0   0   0  0.38 0.00
  208 D    -2  -1   5   5  -3   0   1  -1   0  -3  -4   0  -3  -3  -2   0  -1  -4  -3  -3    0   0  50  50   0   0   0   0   0   0   0   0   0   0   0   0   0   0   0   0  0.67 0.00
  209 G     0  -2   0  -1  -3  -2  -2   6  -2  -4  -4  -2  -3  -3  -2   0  -2  -3  -3  -3    0   0   0   0   0   0   0 100   0   0   0   0   0   0   0   0   0   0   0   0  1.04 0.00
  210 G     0  -2   0  -1  -3  -2  -2   6  -2  -4  -4  -2  -3  -3  -2   0  -2  -3  -3  -3    0   0   0   0   0   0   0 100   0   0   0   0   0   0   0   0   0   0   0   0  1.04 0.00
  211 G    -1  -3  -2  -2  -3  -3  -3   4  -2  -2  -1  -2  -1   4  -3  -1  -2   0   1  -2    0   0   0   0   0   0   0  50   0   0   0   0   0  50   0   0   0   0   0   0  0.49 0.00
  212 G    -1  -3  -2  -3  -3  -2  -3   4  -2  -3  -3  -2  -2   0  -3  -1  -2   9   1  -3    0   0   0   0   0   0   0  50   0   0   0   0   0   0   0   0   0  50   0   0  1.20 0.00
  213 G     0  -2   0  -1  -3  -2  -2   6  -2  -4  -4  -2  -3  -3  -2   0  -2  -3  -3  -3    0   0   0   0   0   0   0 100   0   0   0   0   0   0   0   0   0   0   0   0  1.04 0.00
  214 G     0  -1   0  -1  -1  -1  -1   4  -1  -2  -2  -1  -1  -1  -1   0  -1  -1  -1  -1    4   3   2   3   1   2   3  54   1   3   5   3   1   2   3   4   3   1   2   3  0.33 0.00
  215 G     0  -1   0  -1  -1  -1  -1   4  -1  -2  -2  -1  -1  -1  -1   0  -1  -1  -1  -1    4   3   2   3   1   2   3  54   1   3   5   3   1   2   3   4   3   1   2   3  0.33 0.00
  216 H    -1   0   0   0  -1   0   0  -1   6  -1  -1   0  -1  -1  -1   0  -1  -1   1  -1    4   3   2   3   1   2   3   4  51   3   5   3   1   2   3   4   3   1   2   3  0.28 0.00
  217 H    -1   0   0   0  -1   0   0  -1   6  -1  -1   0  -1  -1  -1   0  -1  -1   1  -1    4   3   2   3   1   2   3   4  51   3   5   3   1   2   3   4   3   1   2   3  0.28 0.00
  218 S     1   0   0   0  -1   0   0   0  -1  -1  -1   0  -1  -1   0   3   1  -1  -1  -1    4   3   2   3   1   2   3   4   1   3   5   3   1   2   3  54   3   1   2   3  0.17 0.00
  219 H    -1   0   0   0  -1   0   0  -1   6  -1  -1   0  -1  -1  -1   0  -1  -1   1  -1    4   3   2   3   1   2   3   4  51   3   5   3   1   2   3   4   3   1   2   3  0.28 0.00
  220 S     1  -1   1   0  -1   0   0   0  -1  -3  -3   0  -2  -3  -1   4   1  -3  -2  -2    0   0   0   0   0   0   0   0   0   0   0   0   0   0   0 100   0   0   0   0  0.46 0.00
  221 H    -2   0   1  -1  -3   0   0  -2   8  -3  -3  -1  -2  -1  -2  -1  -2  -3   2  -3    0   0   0   0   0   0   0   0 100   0   0   0   0   0   0   0   0   0   0   0  0.87 0.01
  222 G     0  -2   0  -1  -3  -2  -2   6  -2  -4  -4  -2  -3  -3  -2   0  -2  -3  -3  -3    0   0   0   0   0   0   0 100   0   0   0   0   0   0   0   0   0   0   0   0  1.04 0.00
  223 S     0  -1   4   1  -2   0   0   0   0  -3  -3   0  -2  -3  -1   3   1  -3  -2  -2    0   0  50   0   0   0   0   0   0   0   0   0   0   0   0  50   0   0   0   0  0.45 0.00
  224 L    -2  -1   4   0  -2  -1  -1  -2  -1   0   2  -1   1  -1  -3  -1  -1  -3  -2  -1    0   0  50   0   0   0   0   0   0   0  50   0   0   0   0   0   0   0   0   0  0.24 0.00
  225 S     0   0   0   0  -2   4   1  -1   0  -3  -2   1  -1  -3  -1   3   1  -2  -2  -2    0   0   0   0   0  50   0   0   0   0   0   0   0   0   0  50   0   0   0   0  0.40 0.00
  226 S     0  -1   1   4  -2   0   1  -1  -1  -3  -3   0  -2  -3  -1   3   0  -4  -2  -2    0   0   0  50   0   0   0   0   0   0   0   0   0   0   0  50   0   0   0   0  0.49 0.00
  227 S     1  -1   1   0  -1   0   0   0  -1  -3  -3   0  -2  -3  -1   4   1  -3  -2  -2    0   0   0   0   0   0   0   0   0   0   0   0   0   0   0 100   0   0   0   0  0.46 0.00
  228 S     1  -1   1   0  -1   0   0   0  -1  -3  -3   0  -2  -3  -1   4   1  -3  -2  -2    0   0   0   0   0   0   0   0   0   0   0   0   0   0   0 100   0   0   0   0  0.46 0.00
  229 S     0  -1   1   4  -2   0   1  -1  -1  -3  -3   0  -2  -3  -1   3   0  -4  -2  -2    0   0   0  50   0   0   0   0   0   0   0   0   0   0   0  50   0   0   0   0  0.49 0.00
  230 N     0  -1   4   1  -2   0   0   0   0  -3  -3   0  -2  -3  -1   3   1  -3  -2  -2    0   0  50   0   0   0   0   0   0   0   0   0   0   0   0  50   0   0   0   0  0.45 0.00
  231 D    -2  -2   1   6  -4   0   2  -1  -1  -3  -4  -1  -3  -4  -2   0  -1  -5  -3  -3    0   0   0 100   0   0   0   0   0   0   0   0   0   0   0   0   0   0   0   0  0.93 0.00
  232 V    -1  -1   4   0  -2  -1  -1  -2  -1   1  -1  -1   0  -2  -2   0   0  -3  -2   2    0   0  50   0   0   0   0   0   0   0   0   0   0   0   0   0   0   0   0  50  0.23 0.00
  233 I    -1  -1  -1   0  -2   0   3  -3  -1   2   0  -1   0  -1  -2  -1  -1  -3  -2   1    0   0   0   0   0   0  50   0   0  50   0   0   0   0   0   0   0   0   0   0  0.22 0.00
  234 S     3  -1   0  -1  -1   0  -1   0  -1  -2  -2   0  -1  -2  -1   3   1  -3  -2  -1   50   0   0   0   0   0   0   0   0   0   0   0   0   0   0  50   0   0   0   0  0.35 0.00
  235 D    -2  -2   1   6  -4   0   2  -1  -1  -3  -4  -1  -3  -4  -2   0  -1  -5  -3  -3    0   0   0 100   0   0   0   0   0   0   0   0   0   0   0   0   0   0   0   0  0.93 0.00
  236 Y    -1  -1  -1   0  -3   1   3  -3   1  -2  -2   0  -2   1  -2  -1  -1   1   5  -2    0   0   0   0   0   0  50   0   0   0   0   0   0   0   0   0   0   0  50   0  0.47 0.00
  237 I     3  -2  -2  -3  -1  -2  -2  -1  -2   3   0  -2   0  -1  -2   0   0  -3  -2   2   50   0   0   0   0   0   0   0   0  50   0   0   0   0   0   0   0   0   0   0  0.19 0.00
  238 S     1  -1   1   0  -1   0   0   0  -1  -3  -3   0  -2  -3  -1   4   1  -3  -2  -2    0   0   0   0   0   0   0   0   0   0   0   0   0   0   0 100   0   0   0   0  0.49 0.02
  239 N     0  -1   4   4  -2   0   0  -1  -1  -3  -3   0  -2  -3  -1   2   0  -4  -2  -3    0   0  30  32   0   0   0   0   0   0   0   0   0   0   0  38   0   0   0   0  0.46 0.01
  240 N    -1   0   3   4  -3   3   1  -1   0  -3  -3   0  -2  -3  -2   0  -1  -3  -2  -3    0   0  30  32   0  38   0   0   0   0   0   0   0   0   0   0   0   0   0   0  0.52 0.01
  241 N     0  -1   3   1  -2   1   3  -1   0  -3  -3   0  -2  -3  -1   2   0  -3  -2  -2    0   0  30   0   0   0  32   0   0   0   0   0   0   0   0  38   0   0   0   0  0.40 0.01
  242 S     0  -1   1   4  -3   1   3  -1  -1  -3  -3   0  -2  -3  -1   2   0  -3  -2  -3    0   0   0  32   0   0  38   0   0   0   0   0   0   0   0  30   0   0   0   0  0.49 0.01
  243 N    -2   4   5   0  -3   0   0  -1   0  -3  -3   1  -2  -3  -2   0  -1  -4  -2  -3    0  38  62   0   0   0   0   0   0   0   0   0   0   0   0   0   0   0   0   0  0.56 0.02
  244 N    -2  -1   5   4  -3   0   0  -1   0  -3  -4   0  -3  -3  -2   0   0  -4  -3  -3    0   0  68  32   0   0   0   0   0   0   0   0   0   0   0   0   0   0   0   0  0.68 0.02
  245 I     0  -3  -2  -3  -2  -2  -3   3  -3   2   0  -2   0  -1  -3  -1  -1  -3  -2   3    0   0   0   0   0   0   0  32   0  30   0   0   0   0   0   0   0   0   0  38  0.25 0.01
  246 N    -1  -1   5   0  -3  -1  -1  -1   0  -3  -3  -1  -3  -4   5   0   0  -4  -3  -3    0   0  62   0   0   0   0   0   0   0   0   0   0   0  38   0   0   0   0   0  0.85 0.02
  247 N    -1   0   3   1  -3   1   3  -2   6  -4  -3   0  -2  -2  -2   0  -1  -3   0  -3    0   0  30   0   0   0  32   0  38   0   0   0   0   0   0   0   0   0   0   0  0.51 0.01
  248 N     0  -1   3   0  -2  -1  -1   4  -1  -3  -3  -1  -2  -3  -2   2   0  -3  -2  -3    0   0  30   0   0   0   0  38   0   0   0   0   0   0   0  32   0   0   0   0  0.47 0.01
  249 D    -1  -2   0   5   6  -1   0  -2  -2  -2  -3  -2  -3  -3  -2  -1  -1  -4  -3  -2    0   0   0  62  38   0   0   0   0   0   0   0   0   0   0   0   0   0   0   0  0.70 0.02
  250 D    -2  -1   1   5  -4   1   4  -2  -1  -3  -4   0  -3  -4  -1   0  -1  -4  -3  -3    0   0   0  62   0   0  38   0   0   0   0   0   0   0   0   0   0   0   0   0  0.75 0.01
  251 D    -1  -2   1   5  -3  -1   1   3  -2  -4  -4  -1  -3  -4  -2   0  -1  -4  -3  -3    0   0   0  62   0   0   0  38   0   0   0   0   0   0   0   0   0   0   0   0  0.69 0.01
  252 N     0  -1   3   0  -2  -1  -1   3  -1  -3  -3  -1  -2  -3  -2   2   0  -3  -2  -3    0   0  30   0   0   0   0  32   0   0   0   0   0   0   0  38   0   0   0   0  0.44 0.01
  253 N    -1   0   5   1  -3   1   3  -1   0  -4  -3   0  -2  -3  -2   0   0  -4  -2  -3    0   0  62   0   0   0  38   0   0   0   0   0   0   0   0   0   0   0   0   0  0.58 0.02
  254 N    -2  -1   3   4  -4   1   3  -1   0  -3  -4   0  -3  -4  -2   0  -1  -4  -3  -3    0   0  30  38   0   0  32   0   0   0   0   0   0   0   0   0   0   0   0   0  0.59 0.01
  255 N    -1  -1   5   1  -3  -1  -1   3   0  -4  -4  -1  -3  -3  -2   0  -1  -4  -3  -3    0   0  68   0   0   0   0  32   0   0   0   0   0   0   0   0   0   0   0   0  0.62 0.02
  256 N    -1  -2   3   4  -3  -1   0   4  -1  -4  -4  -1  -3  -3  -2   0  -1  -4  -3  -3    0   0  30  32   0   0   0  38   0   0   0   0   0   0   0   0   0   0   0   0  0.56 0.01
  257 N    -1   0   5   1  -3   4   1  -1   0  -3  -3   0  -2  -3  -2   0   0  -3  -2  -3    0   0  62   0   0  38   0   0   0   0   0   0   0   0   0   0   0   0   0   0  0.56 0.02
  258 N     0  -1   4   1  -2   1   2  -1   0  -3  -3   0  -2  -3  -2   2   0  -4  -2  -3    0   0  46   0   0   0  25   0   0   0   0   0   0   0   0  29   0   0   0   0  0.46 0.02
  259 N    -1  -1   4   3  -3  -1   0   3   0  -4  -4  -1  -3  -3  -2   0  -1  -4  -3  -3    0   0  46  29   0   0   0  25   0   0   0   0   0   0   0   0   0   0   0   0  0.56 0.02
  260 D     0  -1   1   4  -2   0   1  -1  -1  -2  -3  -1  -2  -3  -1   2   2  -4  -3  -2    0   0   0  49   0   0   0   0   0   0   0   0   0   0   0  25  26   0   0   0  0.47 0.02
  261 D    -1   0   0   4  -3   0   1  -2  -1  -3  -3   2  -3  -4   4  -1  -1  -4  -3  -3    0   0   0  45   0   0   0   0   0   0   0  29   0   0  26   0   0   0   0   0  0.66 0.02
  262 D    -2  -2   1   6  -4  -1   1  -2  -1  -4  -4  -1  -3  -4  -2   0  -1  -5  -3  -4    0   0   0 100   0   0   0   0   0   0   0   0   0   0   0   0   0   0   0   0  1.03 0.04
  263 D    -1  -1   1   4  -3   0   1  -1   5  -3  -3  -1  -2  -3  -2   2   0  -4  -1  -3    0   0   0  45   0   0   0   0  29   0   0   0   0   0   0  26   0   0   0   0  0.50 0.02
  264 D    -2   3   1   5  -4   0   1  -2  -1  -3  -3   0  -3  -4  -2  -1  -1  -4  -3  -3    0  29   0  71   0   0   0   0   0   0   0   0   0   0   0   0   0   0   0   0  0.70 0.03
  265 S    -1  -2   0   3  -2  -1  -1   3  -2  -3  -3  -1  -2  -2  -2   1  -1   7  -1  -3    0   0   0  25   0   0   0  29   0   0   0   0   0   0   0  20   0  26   0   0  0.60 0.02
  266 V    -1  -3  -4  -4  -1  -3  -3  -4  -3   3   3  -3   2   0  -3  -2  -1  -2  -1   2    0   0   0   0   0   0   0   0   0  25  55   0   0   0   0   0   0   0   0  20  0.37 0.02
  267 E    -1   0  -1   0  -3   3   4  -3  -1   0  -1   0  -1  -3  -2  -1  -1  -3  -2   1    0   0   0   0   0  26  45   0   0   0   0   0   0   0   0   0   0   0   0  29  0.33 0.02
  268 L    -1  -3  -3  -4   6  -2  -3  -3  -1   0   2  -3   1   1  -3  -2  -1   0   3   0    0   0   0   0  29   0   0   0   0   0  46   0   0   0   0   0   0   0  25   0  0.41 0.02
  269 L    -1  -2  -2  -3  -1  -2  -2  -3  -1   1   1  -2   0   1  -2  -1   2  -1   3   2    0   0   0   0   0   0   0   0   0   0  20   0   0   0   0   0  26   0  25  29  0.21 0.02
  270 E    -1  -1   0   4  -4   1   5  -2  -1  -4  -3   0  -3  -4  -1   0  -1  -3  -3  -3    0   0   0  26   0   0  74   0   0   0   0   0   0   0   0   0   0   0   0   0  0.72 0.03
  271 R    -2   3   3   3  -3   0   1  -1   0  -3  -3   2  -2  -3  -2   0  -1  -4  -2  -3    0  20  29  26   0   0   0   0   0   0   0  25   0   0   0   0   0   0   0   0  0.44 0.02
  272 N     0  -1   5   1  -2   0   0   0   0  -3  -3   0  -2  -3  -2   2   0  -4  -2  -3    0   0  67   0   0   0   0   0   0   0   0   0   0   0   0  33   0   0   0   0  0.54 0.02
  273 V    -1  -3  -3  -3  -1  -3  -3  -4  -3   3   1  -3   1  -1  -3  -2   0  -3  -1   4    0   0   0   0   0   0   0   0   0  34   0   0   0   0   0   0   0   0   0  66  0.36 0.01
  274 V     0  -1  -2  -2  -1  -1  -1  -2  -2   2   0  -1   0  -1  -1  -1   0  -2  -1   3    3   2   2   2   1   1   2   3   1   2   3   2   1   1   2   2   2   0   1  68  0.14 0.01
  275 N     0   0   4   0  -1   0   0   0   0  -2  -2   0  -1  -2  -1   2   1  -2  -1  -1    3   2  34   2   1   1   2   3   1   2   3   2   1   1   2  36   2   0   1   2  0.24 0.00
  276 K    -1   0   0   0  -3   1   3   3  -1  -3  -3   2  -2  -3  -2   0  -1  -3  -2  -3    0   0   0   0   0   0  33  34   0   0   0  32   0   0   0   0   0   0   0   0  0.42 0.01
  277 D    -2  -2   0   5  -3  -1   1  -2   0  -3  -3  -1  -2   0  -2  -1  -1   0   4  -3    0   0   0  66   0   0   0   0   0   0   0   0   0   0   0   0   0   0  34   0  0.59 0.02
  278 N    -2   3   4   4  -3   0   1  -1   0  -3  -3   1  -2  -3  -2   0  -1  -4  -2  -3    0  33  32  34   0   0   0   0   0   0   0   0   0   0   0   0   0   0   0   0  0.50 0.01
  279 S     0  -2  -2  -2  -1  -1  -2  -2  -2   1   3  -2   1   0  -2   1   0  -2  -1   0    0   0   0   0   0   0   0   0   0   0  68   0   0   0   0  32   0   0   0   0  0.22 0.01
  280 N    -1   0   5   1  -3   1   3  -1   0  -4  -3   0  -2  -3  -2   0   0  -4  -2  -3    0   0  66   0   0   0  34   0   0   0   0   0   0   0   0   0   0   0   0   0  0.59 0.02
  281 N    -1   0   5   1  -3   1   3  -1   0  -4  -3   0  -2  -3  -2   0   0  -4  -2  -3    0   0  67   0   0   0  33   0   0   0   0   0   0   0   0   0   0   0   0   0  0.59 0.02
  282 I    -1  -2  -2  -3  -1  -2  -2  -3  -3   2   2  -2   1   0  -2  -1   2  -2  -1   1    0   0   0   0   0   0   0   0   0  32  34   0   0   0   0   0  33   0   0   0  0.23 0.01
  283 N     0  -1   3   1  -2   1   3  -1   0  -3  -3   0  -2  -3  -1   2   0  -3  -2  -2    0   0  32   0   0   0  33   0   0   0   0   0   0   0   0  34   0   0   0   0  0.41 0.01
  284 N    -2  -2   3  -1  -2  -1  -2  -2  -1   1   3  -2   1   0  -3  -1  -1  -2  -2   0    0   0  32   0   0   0   0   0   0   0  68   0   0   0   0   0   0   0   0   0  0.25 0.01
  285 I    -1  -2  -2  -3  -2  -2  -2  -3  -1   2   1  -2   2   1  -3  -1   2  -1   3   1    0   0   0   0   0   0   0   0   0  23  15   0  16   0   0   0  22   0  24   0  0.21 0.02
  286 N    -1   2   3   2  -3   0   0  -2   3  -3  -3   1  -2  -3  -2   1   1  -3  -1  -3    0  16  25  12   0   0   0   0  15   0   0  11   0   0   0  11  10   0   0   0  0.34 0.05
  287 N    -1   1   4   0  -3   0   0  -2  -1  -2  -1   4  -1  -3  -2   1  -1  -3  -2  -2    0   0  30   0   0   0   0   0   0   0  12  48   0   0   0  10   0   0   0   0  0.35 0.07
  288 N    -2   0   5   0  -3   0   1  -1   0  -4  -4   3  -2  -4  -2   0  -1  -4  -3  -3    0   0  56   0   0   0  12   0   0   0   0  32   0   0   0   0   0   0   0   0  0.61 0.09
  289 N    -1  -2   3   1  -2  -1  -1   2  -1  -2   0  -1  -1   2  -2   1  -1  -2  -1  -2    0   0  24  10   0   0   0  19   0   0  13   0   0  15   0  19   0   0   0   0  0.20 0.05
  290 D    -2  -1   2   5  -4   2   1  -2  -1  -2   0  -1  -2  -3  -2  -1  -1  -4  -3  -3    0   0   8  59   0  18   0   0   0   0  14   0   0   0   0   0   0   0   0   0  0.60 0.10
  291 D     0   0   0   2  -2   3   1  -2  -1  -2  -1   1  -1  -3   2   1   1  -3  -2  -2    9   0   0  12   0  22   9   0   0   0   9   7   0   0   9  14   8   0   0   0  0.24 0.04
  292 E    -1   0  -1   0  -4   3   5  -2  -1  -4  -3   1  -2  -4  -2   1  -1  -3  -2  -3    0   0   0   0   0  20  58   0   0   0   0   8   0   0   0  14   0   0   0   0  0.64 0.10
  293 D     0   1   0   3  -3  -1  -1   4  -2  -4  -4  -1  -3  -4  -2   2  -1  -3  -3  -3    0  14   0  21   0   0   0  43   0   0   0   0   0   0   0  22   0   0   0   0  0.49 0.07
  294 I     0  -2  -1  -2   3  -1  -2   0   3   1   1  -2   0  -2   2   0  -1  -3  -1   1    9   0   0   0   9   0   0   9  14  12  15   0   0   0   9  13   0   0   0   9  0.12 0.04
  295 I     0   1  -1  -2  -2  -1  -1  -2   3   1  -1  -1  -1  -2   1   1   1  -3  -1   1    9   9   0   0   0   0   0   0  14  22   0   0   0   0   8  20   9   0   0   9  0.14 0.05
  296 V    -1  -2  -2  -2  -2  -1   0  -3   3   1   2  -2   3  -1  -2  -2  -1  -2  -1   2    1   1   1   1   0   0   9   1  13   1  31   1  16   0   1   1   1   0   0  23  0.18 0.06
  297 I    -1  -1  -1  -1  -2   1   1  -2  -2   1   2  -1   0  -1  -2   0   0  -2  -1   1    1   1   1   1   0   8  17   1   0  11  29   1   0   0   1  14   1   0   0  14  0.11 0.04
  298 N    -1  -1   4   2  -3   0   2  -2  -1  -3  -3   1  -2   2  -2   1  -1  -3  -1  -3    0   0  38  10   0   0  18   0   0   0   0   7   0  15   0  12   0   0   0   0  0.38 0.09
  299 K     0  -1  -1  -1  -3   0   2   3  -2  -3  -1   1  -2  -3   3  -1  -1  -3  -3  -2   10   0   0   0   0   0  18  32   0   0   7  17   0   0  15   0   0   0   0   0  0.37 0.07
  300 S    -1  -1   0   1  -3   1   2  -2   5   1  -2   1  -1  -2  -2   1  -1  -3  -1  -1    0   0   0   7   0   7  14   0  26  16   0  10   0   0   0  21   0   0   0   0  0.29 0.09
  301 I    -1  -2   0  -2  -2  -2  -2   0   1   2   1  -2   0  -1   2   0  -1  -3  -2   2    0   0   7   0   0   0   0   7   5  23  15   0   0   0  11  14   0   0   0  19  0.15 0.06
  302 E    -1  -2   1   2  -4   0   4   3   1  -3  -3  -1  -3  -4  -2  -1  -2  -4  -3  -1    0   0   8  12   0   0  40  29   4   0   0   0   0   0   0   0   0   0   0   7  0.46 0.11
  303 N     0  -1   3   1  -3   1   0   0   5  -2   0  -1  -1  -2  -2   0  -1  -3  -1  -2    7   0  19   7   0   4   6   8  27   0  13   0   0   0   0   8   0   0   0   0  0.29 0.09
  304 T     1  -1   0   1  -2  -1  -1  -2  -1  -2  -2   1   1  -2  -2   3   2  -2   2  -2    6   0   0   7   0   0   0   0   0   0   0   8   6   0   0  45  17   0  11   0  0.31 0.12
  305 P    -2  -2  -1  -1  -3  -1   1   2   6   1  -2  -1  -2  -2   1  -1  -2  -3  -1  -1    0   0   0   0   0   0  15  17  36  19   0   0   0   0   8   4   0   0   0   0  0.41 0.13
  306 N    -1   2   1  -1  -3   0   0   1   5  -3  -3   1  -2  -3   1   1   0  -3  -1  -3    0  13   8   0   0   0   4  12  25   0   0   8   0   0   6  16   7   0   0   0  0.33 0.09
  307 I    -1   0   1   0  -2   1  -1  -3   1   3   1  -1   1  -1  -3  -2  -1  -3  -2   1    5   6   9   5   0  12   0   0   6  32  14   0   4   0   0   0   0   0   0   7  0.14 0.08
  308 A     3  -2  -1  -2  -2   1  -1   3   3  -3  -3   0  -2  -3  -2   1  -1  -3  -2  -2   44   0   0   0   0   8   0  24  10   0   0   3   0   0   0  11   0   0   0   0  0.45 0.15
  309 S    -1   0  -2  -1   1  -1  -2  -1  -3   0   3  -2   0  -1  -3   2  -1  -3  -2  -1    0   7   0   5   4   3   0   6   0   0  53   0   0   0   0  22   0   0   0   0  0.27 0.15
  310 P     0   0   3  -1  -3  -1   0   0   1  -1  -3  -1  -2  -3   4   1   0  -4  -3  -2    8   5  23   0   0   0   5   5   4   6   0   0   0   0  24  14   4   0   0   0  0.44 0.14
  311 V     0   0  -1   2  -2  -1   0   1   3  -1  -2   0  -2  -3   0   1   0  -3  -2   1    4   4   0  13   0   0   5  14  12   0   0   5   0   0   3  15   3   0   0  21  0.15 0.10
  312 M     1  -1  -2  -2  -2   0   1  -2   2   1   0   0   2  -2  -2   1   0  -3  -2   0   15   0   0   0   0   4  14   0   7  16  11   5  10   0   0  14   5   0   0   0  0.13 0.10
  313 N     0  -2   1   0   1  -2  -1   0   0  -1   1  -2   0   3   0  -1   0  -2  -1  -1    9   0   9   5   5   0   4   7   3   0  25   0   0  17   4   0   7   0   0   3  0.08 0.08
  314 K     0  -1   0   0  -2  -1   0   1  -2  -2  -2   2  -2  -3  -2   4   0  -3  -3  -1    4   0   3   4   0   0   3  11   0   0   5  14   0   0   0  45   3   0   0   6  0.31 0.15
  315 D    -2  -3   0   5  -4  -2  -1   1   0  -4  -4  -2  -4  -4   2   2  -2  -5  -4  -2    0   0   0  51   0   0   0  10   3   0   0   0   0   0   9  23   0   0   0   4  0.75 0.23
  316 N    -1   0   2  -1  -3   1   1  -1   3  -3  -2   3  -2  -3   1   2   0  -4  -2  -3    0   0   9   0   0   6   9   3   9   0   4  31   0   0   7  18   4   0   0   0  0.34 0.15
  317 N     1   2   3   0   1   0   3  -2  -1  -3  -1   0  -2  -3  -2   1  -1  -4  -3  -2   17  12  21   4   3   0  24   0   0   0   7   3   0   0   0   9   0   0   0   0  0.31 0.15
  318 N     0  -1   0  -1  -3   0   3   2   4  -3  -2   1  -2  -2  -3   0  -2  -3   2  -3    8   0   5   0   0   0  27  18  13   0   4   8   0   0   0   6   0   0  10   0  0.34 0.15
  319 N    -1   1   4   0  -4  -1   3   0   3  -4  -4   0  -3  -4   0   0  -1  -4  -3  -2    3   8  33   3   0   0  21   7  11   0   0   2   0   0   3   5   3   0   0   2  0.48 0.19
  320 D    -1  -2   0   5  -1   0   0   3  -3  -1  -4   0  -3  -4   1   1  -2  -5  -4  -3    4   0   2  35   1   2   4  21   0   4   0   5   0   0   6  15   0   0   0   0  0.52 0.22
  321 K    -2   0  -2  -1  -4   2   4  -3   3  -4  -3   3  -3  -4   1   1   0  -4  -1  -3    0   2   0   0   0   7  30   0   7   0   2  27   0   0   7   9   7   0   2   0  0.54 0.24
  322 D    -1  -1   2   1  -3   0   1  -2   0  -2   0   1   0   1  -1   1   1  -3  -2   0    4   0  11  10   0   3  11   0   2   0   8  12   3   8   2  10   9   0   0   7  0.12 0.10
  323 K    -1  -2  -2   0  -3   0   0   0  -2   1  -1   1   2  -2   2   0  -1  -3   0   2    4   0   0   6   0   5   6   8   0   7   0  11   7   0  12   7   0   0   3  23  0.16 0.14
  324 N     0   1   1  -1  -4   1   0  -1   4  -3  -4   0  -3  -4   5   1  -1  -4  -3  -3    5   9   8   1   0   5   4   4  13   2   0   4   0   0  29  11   3   0   0   0  0.58 0.22
  325 R     1   1  -1   0  -3   1   2   0   0  -2  -3   1  -1  -3   0   2   0  -4  -3  -2   14   6   1   4   0   4  16   7   3   3   0  12   2   0   4  20   2   0   0   2  0.22 0.13
  326 N     0  -1   2   0   0   0   1  -2   4  -1   0  -1  -2  -1   0  -1   0  -3   1   0    9   2  14   3   2   2  10   2  17   2   9   3   0   2   4   3   4   0   4   8  0.15 0.12
  327 S     1   1   1   0   1   1   2   1  -2  -3  -3   0  -3  -4  -2   1   1  -4  -3  -2   14   7   7   2   3   6  20  11   0   0   0   5   0   0   0  13  11   0   0   1  0.28 0.16
  328 N    -2  -1   2   2  -4   0  -1   3   5  -3  -2  -1  -1  -3   0   0  -1  -4  -1  -2    1   1  14  11   0   4   2  23  21   0   5   3   2   0   4   5   2   0   1   3  0.41 0.21
  329 K     1  -1   0  -2   2   0  -2   1   2  -2  -3   2  -1  -4   4   0   0  -4  -3  -2   12   2   3   0   5   5   0  11   7   2   2  15   1   0  22   7   6   0   0   2  0.37 0.18
  330 S     0   1  -1  -2   1   1   1   0   5  -3  -3  -1  -3  -4  -1   2  -1   1  -2  -2    9   6   0   0   3   8   9   8  19   1   1   3   0   0   2  24   2   2   0   2  0.34 0.21
  331 D    -2   0   1   4   0   1   2  -3   4  -3  -2   1  -3  -3  -3  -1  -1  -4   0  -2    1   4   6  25   3   6  16   0  12   0   5   8   0   0   0   1   4   0   3   3  0.39 0.19
  332 I    -2  -1   0   2  -3  -1   0  -2   4   0   0   1   1   0  -2  -1  -1   2   1   0    0   1   6  12   0   1   3   3  14   6  12  11   6   3   1   2   3   3   5   8  0.13 0.12
  333 K     1   1   0   1  -3   0   0   0   2  -2  -2   1  -2  -2   3   1   0  -3  -1  -2   10   7   3   8   0   4   3   5   8   1   3  10   0   1  16  11   4   0   2   2  0.23 0.11
  334 N     0   0   2   1  -3   2   2  -1   4  -2  -2   0  -1  -3  -1   0   0  -3  -1  -2    8   2  10   8   0  12  13   3  15   3   4   5   2   0   1   5   6   0   2   1  0.23 0.13
  335 S     1  -2   0   0  -2   0   1   1   1   0  -1  -1  -2  -1   1   1   0  -3  -1   0   15   0   6   3   0   2  14  13   5   6   4   1   0   3   6  12   2   0   2   6  0.11 0.09
  336 G     0  -2  -1  -1   0  -1   0   3   4  -1  -2  -2  -2  -3   1   0   0  -4  -1  -2    6   0   2   3   2   2   6  31  14   6   3   1   0   0   6   8   8   0   1   1  0.31 0.16
  337 S     1  -1  -1  -1  -3   0   1   0   4  -3  -2   0  -2  -3   1   2   1  -4  -1  -2   11   1   1   2   0   3   9   7  15   0   3   4   0   0   6  25   7   0   2   2  0.28 0.17
  338 I     0  -2  -2  -2  -1   0  -1   0   1   0   2  -1   1   0  -1   2   0   1   0   0    6   0   0   0   1   5   1   6   6   5  22   1   6   3   2  21   4   2   3   5  0.09 0.10
  339 N    -1  -1   2   1  -3   1   1  -2   4  -3  -2   0  -2  -3   3   1   0  -3   0  -2    3   1   9   7   0   7   7   1  17   0   3   5   0   0  14  15   5   0   3   2  0.33 0.15
  340 N    -2  -2   0   2   0   0   0   2   4  -1  -1   0   0  -3   0   0  -1  -3  -2  -2    1   0   3  12   2   5   4  19  18   6   6   7   2   0   4   5   3   0   0   0  0.22 0.13
  341 G    -1  -1  -1   0  -3  -2   0   3   2  -2  -1  -1   0  -3   3  -1  -1  -3  -1   0    3   2   0   5   0   0   5  32   8   1   5   4   4   0  14   4   3   0   1   8  0.30 0.14
  342 N     0  -2   1   0   2   1   0   0   5  -3  -2   0  -2  -3   2   1  -1  -1  -2  -2    5   0   5   6   5   8   6   6  19   0   5   4   0   0  13  13   2   1   0   2  0.28 0.14
  343 N     0  -1   0   0   0   0  -1   0   2   0  -1   1   0  -2   0   1   0  -3  -1   0    4   2   4   6   2   5   1   9   8   4   7  12   2   0   5  12   5   0   1  11  0.05 0.05
  344 S     0   0   0   1  -1   0   1  -1   2  -1   0   1   0  -1  -2   1   1  -3  -1   0    7   4   2   7   1   2  10   2   8   1   9  10   2   2   1  15  12   0   0   6  0.10 0.07
  345 G     0  -1   1   1   0   0  -1   2  -2  -3  -2  -1  -1  -1   4   0  -1  -3  -3  -2   10   3   6   9   3   5   2  19   0   0   3   2   1   3  22   6   2   0   0   3  0.31 0.11
  346 N     0   0   1   2   0   3   2  -1   1  -2  -2   0  -2  -2   0   1  -1  -3  -1  -2    6   3   7  15   2  18  18   2   4   3   2   3   0   1   3   9   0   0   2   3  0.25 0.12
  347 N     0   2   1   1  -3   1   0  -1   1  -2  -2   1  -2  -2   3   0   0  -3  -2  -2    8  13   9   8   0   5   3   2   4   1   5  10   0   1  15   8   7   0   0   1  0.23 0.09
  348 N     0   0   1   0  -2   0   2  -1   1   0  -1   1  -1  -2   1   1   0  -3  -1  -1    7   4   6   3   0   2  16   3   5   6   8  11   0   0   6  13   5   0   1   5  0.10 0.06
  349 N     1   1   0   1   0   0   2  -1  -1  -2  -1   0  -1  -1   0   1   0  -3  -2  -2   12  12   4   7   2   2  18   4   0   0   9   4   0   3   4  13   4   0   1   0  0.13 0.08
  350 N     1   0   0  -1  -2   0   1   0   1  -1  -2   1   0  -3   0   2   1  -3  -1  -1   15   2   3   2   0   2  13   8   3   3   0  13   3   0   4  17   7   0   2   3  0.15 0.08
  351 N    -1   3   1   0  -3   0   0   0   0  -3  -2   1  -2  -1   0   1   0  -3   0  -2    3  22  10   5   0   1   6   5   2   0   2   8   0   3   4  17   7   0   3   3  0.19 0.10
  352 K    -1   1  -1  -1  -2  -1  -1  -2  -2   2   1   1   0  -2   1   1  -1  -1  -2   1    3   9   3   2   0   0   3   2   0  20  17  12   1   0   7  13   0   1   0   7  0.10 0.09
  353 S     1   1   0  -2  -2   0  -1   0  -1   0   0   2   1  -2  -1   2   0   1  -1  -1   11   8   2   0   0   1   1   8   2   6  10  18   5   0   1  19   5   2   2   0  0.10 0.09
  354 K    -1   3   0  -1   0  -1  -1  -1  -2   0   0   1  -1  -2   1   1   1  -3  -1   0    2  20   5   3   2   0   0   3   0   6   8   7   1   0   6  15  10   0   1   9  0.12 0.09
  355 L    -1   0  -2  -3  -2  -2  -2  -3  -3   2   2  -1   2   0  -3   1   0  -3  -1   1    2   6   0   0   0   0   0   0   0  18  22   2   9   5   0  17   5   0   0  12  0.18 0.10
  356 T     2   0  -1  -2  -2  -2  -2   4  -2  -1  -2   0  -2  -3   0   0   0  -3  -3  -1   27   6   2   0   0   0   0  33   0   6   3   6   0   0   5   3   5   0   0   2  0.32 0.12
  357 I    -2  -3  -4  -4  -1  -1  -3  -4  -2   3   2  -3   3   2  -4  -3  -2   5   3   1    2   0   0   0   1   4   0   0   0  22  18   0   9   6   0   0   1  11  16   8  0.45 0.16
  358 T    -1  -2  -3  -3  -2   0  -2  -3  -3   1   3  -2   4   2  -1   0   0  -2  -1   1    1   1   0   0   0   5   0   0   0   6  31   0  19  10   3   8   7   0   0   9  0.28 0.14
  359 T    -1  -2   2  -2  -2  -2  -2  -2  -2   1   2  -2   0   0  -3   0   3  -3  -2   1    4   0  13   0   0   0   0   2   0  10  28   0   0   4   0   6  26   0   0   6  0.21 0.13
  360 F     1  -2  -2  -2   1  -2   0  -2  -2   1   2  -2   0   1  -2  -1   1  -2   0   1   17   0   0   0   4   0   7   0   0  12  23   0   0   5   0   1  14   0   3  11  0.13 0.08
  361 I     0  -3  -4  -4  -2  -3  -3  -4  -3   2   4  -3   2   2  -3  -3  -2  -2  -1   2    7   0   0   0   0   0   0   0   0  12  49   0   3  11   0   0   0   0   0  16  0.47 0.16
  362 A     4  -3  -1  -2   1  -2  -2   3  -3  -3  -2  -2  -2  -3  -2   1  -1  -4  -3  -1   48   0   3   0   3   0   0  26   0   0   2   0   0   0   0  13   0   0   0   3  0.54 0.20
  363 L    -2  -3   0   3  -3  -3  -2  -4  -3   3   3  -3   1   0  -3  -3  -2  -3  -2   0    0   0   6  20   0   0   0   0   0  29  38   0   1   2   0   0   0   0   0   3  0.42 0.18
  364 S     1  -2  -2  -2   3  -2  -2   1  -3   0  -1  -2  -1   1  -2   3   1  -3  -2   0   15   0   0   0   9   0   0  11   0   5   3   0   0   8   0  28  11   0   0   9  0.24 0.14
  365 I     1  -3  -4  -4  -2  -3  -4  -4  -4   3   3  -3   1   1  -3  -2  -1  -3  -2   2   15   0   0   0   0   0   0   0   0  28  28   0   1   8   0   0   1   0   0  19  0.43 0.17
  366 H    -4  -3  -2   0  -6  -2  -2  -4  10  -6  -5  -3  -4  -4  -5  -3  -4  -5  -1  -6    0   0   0   5   0   0   0   0  95   0   0   0   0   0   0   0   0   0   0   0  2.64 0.55
  367 S     0  -2   6  -1  -3  -2  -2  -1   0  -4  -4   0  -3  -4  -3   4   0  -5  -3  -4    5   0  46   0   0   0   0   2   1   0   0   5   0   0   0  38   2   0   0   0  0.86 0.29
  368 F    -1  -4  -4  -5  -3  -4  -4  -4  -3   2   0  -4   0   6  -4  -3  -2  -2   0   3    5   0   0   0   0   0   0   0   0   8   6   0   1  48   0   0   0   0   0  32  0.82 0.26
  369 V     0  -3  -3  -3  -3  -3  -3  -2  -3   1  -1  -3  -1   4   4   0   2  -2  -1   0    9   0   0   0   0   0   0   2   0  12   0   0   1  25  25   5  16   0   0   5  0.50 0.19
  370 D    -3  -2  -1   5  -5  -1   5  -4   2   0  -4  -1  -3  -4  -3  -2  -3  -5  -3  -3    0   0   0  35   0   0  50   0   5  10   0   0   0   0   0   0   0   0   0   0  0.98 0.30
  371 G    -2  -4  -2  -3  -5  -4  -4   7  -4  -6  -6  -4  -5  -5  -4  -2  -4  -5  -5  -5    0   0   0   0   0   0   0 100   0   0   0   0   0   0   0   0   0   0   0   0  2.00 0.42
  372 V    -2  -4  -4  -5  -2  -3  -4  -5  -4   3   4  -4   2   2  -4  -3  -2  -3  -2   2    0   0   0   0   0   0   0   0   0  18  58   0   5   7   0   2   0   0   0  10  0.67 0.21
  373 V     5  -3  -3  -3  -2  -2  -3   0  -3   0  -3  -2  -2  -4  -3   1  -1  -4  -3  -1   77   0   0   0   0   0   0   4   0   7   0   0   0   0   0  10   0   0   0   3  0.85 0.30
  374 I    -2  -3  -4  -4  -2  -3  -4  -4  -4   4   3  -3   1  -1  -4  -2   2  -3  -2   3    0   0   0   0   0   0   0   0   0  31  31   0   3   0   0   0  14   0   0  22  0.55 0.19
  375 S     1  -4  -2  -3  -4  -3  -4   6  -3  -4  -4  -3  -3   3  -4  -1  -2  -3  -1  -4    9   0   0   0   0   0   0  68   0   0   0   0   0  19   0   2   1   0   2   0  1.08 0.29
  376 S     3  -3  -3  -3  -2  -2  -3  -1  -3   0   2  -2   0   0  -3   0   0  -3   0   2   35   0   0   0   0   0   0   2   0   3  21   0   2   4   0   7   4   0   3  19  0.25 0.14
  377 A     3  -2  -1  -2  -2   3   0   0  -2  -3  -3  -1  -2  -4  -2   4   1  -4  -3  -2   27   0   0   0   0  18   2   5   0   0   0   0   0   0   0  39   9   0   0   0  0.54 0.23
  378 F     1  -2  -1  -2   0  -1   1  -1  -2  -2  -1  -2  -1   5  -1   0   0  -1   1  -1   14   1   3   1   2   2  11   5   0   1   1   1   0  34   3   7   7   0   4   3  0.23 0.12
  379 S     0   0  -1   0  -2   0   0  -2  -2   0   1  -1  -1  -1  -2   2   2  -3  -1  -1    5   7   0   4   0   3   7   1   0   5  22   1   0   2   0  28  14   0   2   1  0.15 0.11
  380 S     1   0   1   0  -2   0   1   1  -1  -1  -2   1  -1  -2  -2   2   1  -3  -1   0   10   3   5   3   0   4   9  12   1   2   2   8   0   0   0  20  10   0   2  11  0.13 0.07
  381 S     0  -2   3   2   0  -1   0   1  -2  -2  -3  -1  -3  -3  -2   3   1  -4  -3  -2    4   0  16  12   2   1   7  12   0   3   0   0   0   0   0  34   8   0   0   0  0.37 0.16
  382 P    -1   1  -1   0  -3   1   0  -2  -2  -1  -1   2  -1   0   3   0   1   0  -2  -1    3  10   1   5   0   8   2   0   0   2   8  17   1   6  17   7   8   2   0   5  0.21 0.09
  383 H     1   0  -1   0  -2   0   1  -1   0   0  -1   0  -1   0  -2   1   1  -3  -2   1   12   2   2   5   0   1  14   2   2   5   4   7   1   5   0  15  12   0   0  12  0.09 0.07
  384 V    -1  -1  -2  -2  -2   0  -2  -1  -1   1   1   0   0   0  -2   0   0   2   0   2    2   3   1   2   0   6   0   4   1  10  21   5   0   3   0   7   7   4   2  21  0.09 0.07
  385 G     1  -1  -1  -1  -3   0  -1   5  -2  -2  -2  -2  -2  -3  -2   0  -2  -3  -3  -2   14   3   0   3   0   7   2  56   0   4   3   1   0   0   1   4   1   0   0   1  0.63 0.18
  386 A    -1   0  -3  -3  -2  -2  -3  -3  -3   3   2  -1   2   2  -3  -2  -1   3  -1   1    5   6   0   0   0   0   0   0   0  23  28   3   6   9   0   0   1   5   0  10  0.28 0.11
  387 R     0  -1   0  -2  -2  -1  -1  -1  -2   0   1  -1   1   0   3   2   0  -3  -2   0    6   3   5   0   0   0   4   3   0   8  16   2   4   3  14  22   2   0   0   8  0.15 0.09
  388 V    -1  -1  -1  -3  -2  -2  -2  -3  -3   2   2  -2   0  -1  -2  -1   3   1  -2   2    3   2   2   1   0   0   1   1   0  14  26   1   0   0   0   1  25   2   0  19  0.28 0.13
  389 A     2  -2  -2  -2   3  -2  -2  -1  -2  -1   0  -2   0   2  -2   1   2  -2   0   0   21   0   0   0   7   0   0   4   0   2   8   0   3  14   0  10  22   0   2   4  0.19 0.12
  390 L    -1  -3  -4  -4  -2  -3  -4  -3  -4   4   2  -3   2   1  -4  -2  -1   2  -2   3    5   0   0   0   0   0   0   2   0  30  26   0   7   5   0   1   1   3   0  21  0.43 0.16
  391 A     5  -3  -3  -3  -2  -2  -3   1  -3  -3  -3  -2  -3  -2  -3   0   2  -4  -3  -2   73   0   0   0   0   0   0  10   0   0   0   0   0   2   0   3  12   0   0   0  0.83 0.30
  392 I    -2  -4  -4  -4  -2  -4  -4  -5  -4   5   2  -4   1  -1  -4  -3  -2  -4  -3   3    0   0   0   0   0   0   0   0   0  55  16   0   2   0   0   0   0   0   0  26  0.82 0.25
  393 V     2  -2  -2  -3   0  -2  -2   0  -3   0   2  -2   2   1  -2   0   0  -2  -1   0   21   0   0   0   2   0   0   7   0   0  32   0   7   9   0   9   6   0   0   6  0.18 0.11
  394 I     0  -3  -4  -4   4  -3  -4  -4  -3   3   3  -3   1   2  -3  -2  -2  -2  -1   1   10   0   0   0  12   0   0   0   0  24  31   0   2  11   0   0   0   0   0   8  0.41 0.15
  395 H    -4  -2  -2  -3  -5   1   0  -4  10  -5  -5  -3  -4  -3  -4  -3  -4  -4  -1  -5    0   0   0   0   0   5   4   0  88   0   0   0   0   0   0   0   0   0   0   0  2.32 0.49
  396 K    -2   0   4   0  -4   2   4  -3  -1  -4  -4   4  -3  -4  -3  -1  -2  -4  -3  -4    0   0  27   0   0  10  32   0   0   0   0  28   0   0   0   0   0   0   0   0  0.75 0.25
  397 I    -1  -3  -3  -3   0  -3  -3  -3  -3   4   1  -3   1   3  -3  -2  -1  -2  -1   1    6   1   1   1   2   1   1   1   0  44  13   1   4  17   1   1   3   0   0   5  0.39 0.14
  398 P    -2  -3  -3  -3  -3  -2  -2  -3  -3  -2  -1  -2  -2   3   7  -2  -2  -3  -2  -1    1   1   1   1   0   1   1   1   0   1   6   1   0  15  61   1   1   0   0   6  1.30 0.26
  399 D     2  -1  -1   0  -3   0   4  -2   6  -3  -3  -1  -2  -3  -2  -1  -2  -3  -1  -3   20   1   1   5   0   2  37   1  27   1   1   1   0   0   1   1   1   0   0   1  0.66 0.22
  400 G     1  -2  -1  -1  -3  -1   3   4  -2  -3  -3  -1  -3  -3  -2   0  -2  -3  -3  -2   11   1   1   1   0   1  31  43   0   1   1   1   0   0   1   4   1   0   0   3  0.60 0.19
  401 L    -2  -3  -3  -4  -2  -3  -3  -4  -3   2   3  -3   3   3  -3  -2  -1  -2  -1   2    1   0   0   0   0   0   0   1   0  17  34   0   9  16   0   3   4   0   0  13  0.38 0.14
  402 V     3  -3  -2  -3  -3  -3  -3   5  -3  -1  -2  -2  -2  -3  -3   0   0  -4  -3   0   30   0   0   0   0   0   0  46   0   3   3   0   0   0   0   4   5   0   0   9  0.61 0.21
  403 L    -2  -3  -2   3  -3  -3  -2  -4  -3   2   3  -3   2  -2  -3  -2  -2  -4  -3   2    2   0   0  27   0   0   0   0   0  11  30   0   8   0   0   0   0   0   0  22  0.43 0.19
  404 S     1  -3  -2  -3  -2  -3  -3   2  -3  -1  -1  -2   0   4  -3   1   0  -2  -1   1   17   0   0   0   0   0   0  20   0   2   4   0   2  26   0  12   5   0   0  12  0.28 0.15
  405 S     3  -3  -2  -3  -2  -2  -2   1  -3   1   0  -2   0  -1  -3   1  -1  -3  -1   2   32   0   0   0   0   0   0  14   0  10   9   0   2   3   0  11   0   0   2  18  0.23 0.13
  406 L     1  -3  -3  -3   3  -3  -3  -3  -3   2   0  -3   0   1   4   0  -2  -3  -2   1   13   0   0   0  10   0   0   0   0  20   6   0   1   6  26   6   0   0   0  12  0.47 0.16
  407 I    -1  -3  -4  -4  -2  -3  -4  -2  -4   3   4  -3   1   0  -4  -2  -1  -3  -2   1    3   0   0   0   0   0   0   3   0  23  56   0   2   3   0   3   3   0   0   5  0.54 0.20
  408 L     0  -2  -3  -3  -2  -2  -3  -2  -2   1   3  -2   2   1  -3  -1  -2  -1   3   2    6   2   0   0   0   0   1   3   0   5  37   1   5   4   0   5   1   0  16  14  0.29 0.15
  409 S     0   1   1  -1  -1   1   0   0  -1  -1  -1   0  -1   1  -1   1   1  -1  -1   0    4   8   6   2   1   9   4   7   1   5   6   4   1   7   2  19   7   0   1   6  0.06 0.04
  410 Q     2   0   0  -1  -1   0   0   0  -1   0   0   0   2  -1  -1   1   0  -1  -1   0   26   6   5   2   1   3   3   5   1   5   6   6   8   2   2  10   2   1   1   5  0.07 0.05
  411 K     0   0   0   0  -1   0   0   1  -1   0   0   0   0   0  -1   0   0   1  -1  -1    5   6   3   4   1   4   4  16   1   5   8   8   4   4   2   8   9   2   1   3  0.04 0.02
  412 K     0   1   0  -1  -2   0   0  -1  -1  -1   0   1   2   1   1  -1  -1  -1   0   0    7   8   6   2   1   3   6   3   1   2   7  12  11  10   7   3   2   0   3   8  0.05 0.04
  413 F     0   1   0   0  -1   0   0   0   0  -1  -1   1  -1   0  -1   1   0  -1   1  -1    8   6   4   5   1   4   6   5   1   2   8   9   1   3   2  20   6   0   6   5  0.07 0.04
  414 N     1   3   1  -1  -2   2   0  -1   3  -2  -2   2  -1  -2   0   0  -1  -2  -1  -1   16  20   6   1   0   9   2   3   9   1   2  11   1   1   3   8   1   0   1   3  0.21 0.10
  415 S     2  -1   0  -1  -1  -1  -1   0  -1  -2  -1   0  -1  -1   2   2   2  -2   0  -1   22   1   3   2   1   1   2   5   1   1   4   4   1   2  10  21  15   0   3   2  0.22 0.10
  416 G     0  -1  -1  -1  -2  -1  -1   4   1  -1  -2  -1   0   1  -2   0  -1  -2   0  -1    5   3   1   2   1   2   2  43   5   3   3   4   3   9   2   5   2   0   2   4  0.34 0.11
  417 I     0  -1  -1  -1   2  -1  -1  -2  -1   0   1  -1   1   2  -1   1   0  -1   0   0    8   1   2   3   5   1   2   2   1   3  22   3   5  11   3  14   3   0   3   6  0.06 0.05
  418 F    -1   1  -1   0  -2  -1   0  -2  -1   0   0   1   0   1   0   1   1   1   0   0    1   8   1   5   0   1   6   1   0   3  13   9   2   9   4  16   9   3   2   7  0.06 0.06
  419 S    -1   4  -2  -2  -3   1  -1  -2  -2  -2  -1   3   1   0  -1   0  -1   4  -2  -1    2  25   0   0   0   5   0   1   0   0   6  26   4   5   2   6   3   7   0   6  0.35 0.18
  420 N    -1   1   2   1  -3   2   0  -2  -1  -3  -2   3  -2  -1  -2   0   0   4   0  -2    5   7  11   8   0  12   3   0   0   0   3  22   0   2   0   8   5   8   3   2  0.28 0.15
  421 P     4   0  -2  -3   0   1  -2  -2  -2   0  -2   0  -2  -1   0   1   1  -3  -2   0   44   7   0   0   1   6   0   0   0   5   0   4   0   3   5   7   9   0   0   8  0.29 0.18
  422 F     2  -3  -4  -4   0  -3  -3  -3  -3   3   2  -3   1   3  -3  -2  -2   0  -1   2   24   0   0   0   2   0   0   0   0  18  16   0   2  18   0   0   0   1   0  17  0.36 0.19
  423 F     0   1  -2  -3   0  -1  -2  -1  -2   1   1   1   1   2  -3  -1   0   3   0   0   10   8   0   0   2   0   0   3   0  10  16  12   4  11   0   1   6   5   3   7  0.10 0.09
  424 Y     0   0  -1  -3  -3  -2  -2  -2  -1  -1   1   1   2   2  -1  -1  -1   4   4  -1    6   5   2   0   0   0   0   3   0   1  16  10   9   6   2   3   3   7  21   4  0.25 0.15
  425 F     2  -2   1  -2   0  -1  -2   1   1  -1   1  -2   0   0  -2   1   0  -3  -2   0   25   0   9   0   2   3   0   9   5   3  14   0   3   4   0  15   2   0   0   6  0.12 0.11
  426 L    -1  -2  -1  -3  -2   1  -2  -1  -2   1   2  -2   1   3  -3  -1   0  -2  -1   2    3   0   3   0   0  12   0   4   0   8  21   0   2  21   0   2   6   0   0  16  0.21 0.15
  427 L    -1  -4  -4  -5  -3  -3  -4  -4  -4   1   4  -4   1   4  -4  -3   0  -2   0   0    5   0   0   0   0   0   0   0   0   5  58   0   1  18   0   0   6   0   1   5  0.65 0.26
  428 I     0  -3  -2  -3  -2  -2  -2  -1  -3   0   0  -2   0   3  -3   3   1  -3  -1   2    4   0   0   0   0   0   0   3   0   5   5   0   3  20   0  35   7   0   0  17  0.33 0.21
  429 S     3  -3   0  -2  -1  -1  -2   3  -3  -3  -3  -2  -3   0  -2   3   0  -3  -3  -2   29   0   3   0   1   3   0  24   0   0   0   0   0   5   0  28   6   0   0   0  0.47 0.22
  430 C     2  -3  -3  -3   4  -2  -3  -1  -3   1   2  -3   3   1  -3  -1  -1  -3  -2   1   20   0   0   0  11   0   0   5   0   5  28   0  10   6   0   4   2   0   0   7  0.27 0.16
  431 M     2  -3  -2  -3   1  -2  -2  -1  -3   0   1  -2   4  -2  -1   1   1  -3  -2   1   18   0   0   0   4   0   0   4   0   3  12   0  20   0   2  13  11   0   0  11  0.25 0.17
  432 T     1  -2  -2  -2   2   0   2   0  -2   0  -1  -1  -2  -3  -2   2   3  -4  -3  -2   14   0   0   0   4   4  21   5   0   7   4   0   0   0   0  15  25   0   0   0  0.31 0.20
  433 P     2  -4  -4  -4  -4  -3  -3  -2  -4  -2  -2  -3  -3  -3   7  -2  -3  -4   1  -1   18   0   0   0   0   0   0   3   0   3   4   0   0   1  61   1   0   0   7   3  1.36 0.39
  434 L    -1  -3  -4  -4  -2  -3  -4  -4  -4   3   4  -3   0   1  -4  -3  -2  -3  -2   3    4   0   0   0   0   0   0   0   0  16  52   0   0   6   0   0   0   0   0  19  0.61 0.23
  435 G     1  -4  -2  -3  -4  -3  -4   6  -4  -4  -4  -3  -2  -4  -4  -2  -1  -4  -4  -2    9   0   0   0   0   0   0  81   0   0   0   0   1   0   0   0   3   0   0   2  1.42 0.38
  436 S     2  -3  -2  -3  -2  -2  -3   2  -3   3   0  -2   1  -1   0   0   0  -3  -1   1   26   0   0   0   0   0   0  17   0  24   5   0   4   1   5   6   5   0   2   6  0.24 0.16
  437 F     2  -3  -3  -3  -2  -3  -3   2  -3   2   1  -3   0   0  -3   0  -1  -3  -2   2   20   0   0   0   0   0   0  17   0  17  17   0   0   5   0   4   3   0   0  17  0.23 0.14
  438 I    -1  -3  -4  -4  -2  -3  -4  -4  -4   4   2  -3   2   2  -1  -2  -1  -3  -1   2    4   0   0   0   0   0   0   0   0  32  25   0   4   9   2   1   2   0   1  18  0.46 0.19
  439 S     1  -3  -2  -3   1  -3  -3   6  -3  -4  -2  -3  -3  -3  -3   0  -2  -4  -4  -3   10   0   0   0   3   0   0  68   0   0   5   0   0   1   0   7   1   0   0   1  1.02 0.31
  440 S     0  -3  -3  -3   2  -2  -3  -2  -2   2   1  -3   3   2  -3  -1   0   2   2   0   11   0   0   0   6   0   0   3   0  19  11   0  13   8   0   4   7   3   8   4  0.21 0.13
  441 F     1  -3  -3  -3  -1  -2  -3   1  -3   0   2  -3   0   2  -3  -1  -1   2   0   2   18   0   0   0   1   2   0  13   0   2  26   0   0  12   0   2   2   3   3  17  0.22 0.15
  442 L     0  -3  -4  -4   0  -3  -4  -2  -4   4   3  -3   1   0  -4  -2   0  -3  -2   2    7   0   0   0   2   0   0   3   0  32  27   0   3   4   0   2   7   0   0  13  0.41 0.20
  443 F     1  -2  -1   0  -2  -1  -1  -1  -2   0   1  -2   1   1  -1   0   0  -2   2   0   17   0   2   6   0   2   2   3   0   4  20   0   3   7   2  10   4   0  10   7  0.08 0.09
  444 G     0   0   0  -1   0   0   0   2  -1  -1   0   0   0  -2  -2   1   0   0  -2  -1    7   3   4   2   2   4   7  17   1   4  13   8   4   0   0  13   3   2   0   4  0.07 0.07
  445 G     1  -3   0  -1  -3  -1  -1   3  -1  -3  -1  -2  -2  -3   2   1   1  -4  -3  -1   14   0   3   2   0   2   1  30   2   0   6   0   0   1  11  15   8   0   0   5  0.34 0.17
  446 L    -1  -1  -1  -2  -2  -1  -2   0   0   0   2  -2   2   2  -3   0   0  -2   2   1    3   2   2   1   0   3   2   9   2   2  27   0   7   9   0   6   4   0  11   9  0.14 0.12
  447 S     2  -1   0  -1  -3   1   0   0   0  -3  -3  -2  -2  -3   1   4   1  -4  -3  -3   15   2   3   3   0   6   4   7   3   1   2   0   1   1   6  38   9   0   0   0  0.36 0.22
  448 L    -1  -2   0   0  -3   1   1   0   1  -1  -1   0  -2  -3   4   0  -1  -4  -3   0    4   0   4   4   0   5  13   8   4   3   5   7   0   0  23   7   0   0   0  11  0.31 0.15
  449 S     1   0   1   0  -2   0   0   1  -2  -2  -1   0  -1  -1   1   2   0  -3  -1  -1   11   5  10   3   0   2   5   9   0   1   6   4   2   3   6  25   4   0   1   3  0.14 0.10
  450 S     1  -2  -2  -1  -2  -1  -2  -1  -3   1   0  -2   1  -1  -2   2   1  -3  -2   2   14   1   0   4   0   2   1   3   0  10   8   0   6   2   0  22   8   0   0  18  0.16 0.14
  451 G     1  -2  -1   1  -2   0   0  -1  -2  -1   0  -1   1   1   0   1   2  -3  -1   0   14   0   0   9   0   6   6   4   0   1  10   0   6   7   3  11  17   0   1   5  0.11 0.11
  452 A     1  -2   0   1  -3   1   0   3  -2  -3  -2  -1   0  -4   3   0  -1  -4  -3  -1   11   0   3   8   0   6   7  25   0   0   3   3   3   0  17   6   3   0   0   5  0.32 0.18
  453 F     0  -4  -4  -5   1  -3  -4  -1  -4   1   0  -2   1   1  -1  -1  -1   9   1   0    8   0   0   0   3   0   0   4   0   9  10   3   3   6   3   5   3  32   5   7  0.81 0.34
  454 V     0  -4  -4  -4   2  -3  -4  -1  -4   4   2  -3   3  -2  -4  -1   0  -4  -3   2    9   0   0   0   5   0   0   4   0  27  22   0   8   0   0   4   5   0   0  15  0.39 0.24
  455 L    -2  -3  -1  -3  -3  -1  -1  -4  -3   0   3  -3   3   4  -4  -3  -1  -2   1   0    0   0   4   0   0   2   5   0   0   3  42   0  10  27   0   0   3   0   2   2  0.46 0.16
  456 G     4  -3  -2  -2  -2  -1  -2   3  -3  -3  -2  -2  -2  -3   2   1   0  -4  -3  -2   45   0   0   0   0   3   0  22   0   0   4   0   0   0  12   9   4   0   0   0  0.50 0.16
  457 F     1  -3  -3  -4  -2  -3  -3   0  -3   1   1  -3   1   5  -3  -1  -1  -2   0   2   15   0   0   0   0   0   0   6   0   5  14   0   3  33   0   2   2   0   0  19  0.33 0.13
  458 G     3  -2  -2  -2  -2  -2  -2  -1  -3   1  -2  -2  -1  -3  -2   2   3  -4  -3   2   28   0   0   0   0   0   0   2   0   8   0   0   0   0   0  17  27   0   0  17  0.37 0.16
  459 A     5  -3  -2  -3   1  -2  -2   2  -3  -3  -3  -2  -2  -4  -2   1   0  -4  -3  -2   68   0   0   0   3   0   0  15   0   0   0   0   0   0   0   8   5   0   0   0  0.73 0.23
  460 G    -2  -4  -2  -3  -4  -4  -4   7  -4  -6  -6  -3  -5  -5  -4  -2  -3  -4  -5  -5    0   0   0   0   0   0   0 100   0   0   0   0   0   0   0   0   0   0   0   0  1.90 0.35
  461 T     0  -3  -2  -3   1  -2  -3   1  -3   3   1  -2   2   0  -3  -1   2  -3  -2   2    7   0   0   0   3   0   0  14   0  25   7   0  10   3   0   2  16   0   0  12  0.21 0.11
  462 F    -3  -4  -4  -5  -4  -3  -4  -5  -3  -1   2  -4   6   7  -5  -4  -3  -1   0  -2    0   0   0   0   0   0   0   0   0   0  13   0  34  53   0   0   0   0   0   0  1.20 0.30
  463 I    -1  -4  -4  -4  -2  -3  -4  -5  -4   4   3  -3   1  -1  -4  -3  -2  -3  -2   3    3   0   0   0   0   0   0   0   0  27  42   0   2   0   0   0   0   0   0  27  0.62 0.17
  464 Y    -2  -4  -4  -5  -4  -3  -4  -2   0  -2  -2  -4  -2   4  -5  -3  -3   3   8  -1    3   0   0   0   0   0   0   3   1   1   0   0   0  19   0   0   0   3  66   3  1.37 0.31
  465 I    -2  -3  -4  -4  -2  -3  -4  -4  -4   4   2  -3   4  -1  -4  -3  -2  -3  -2   4    0   0   0   0   0   0   0   0   0  39  14   0  13   0   0   0   0   0   0  32  0.64 0.18
  466 T     4  -2  -2  -2  -2  -2  -2   0  -3  -1  -2  -2  -2  -3  -2   3   2  -4  -3   0   41   0   0   0   0   0   0   3   0   3   0   0   0   0   0  30  13   0   0   9  0.46 0.18
  467 S    -2  -3  -3  -4  -2  -3  -3  -4  -3   2   4  -3   2   2  -4  -1   1  -2   0   1    0   0   0   0   0   0   0   0   0   8  51   0   4  12   0   4  10   0   2   8  0.44 0.15
  468 T     0  -1   0   3   0  -2  -1  -3   1   0   1  -1  -1  -1  -3  -1   0  -4  -2   3    8   2   4  22   2   0   0   0   4   2  12   2   0   2   0   1   4   0   0  33  0.18 0.12
  469 A    -1  -2   1   4  -4   0   4  -1   3  -4  -4  -1   0  -4  -3   0  -1  -4  -3  -2    2   0   5  27   0   0  41   3   9   0   0   0   4   0   0   6   2   0   0   2  0.61 0.19
  470 I    -2  -3  -4  -5  -2  -3  -4  -5  -4   3   3  -3   5  -1  -4  -3  -2  -3  -2   3    0   0   0   0   0   0   0   0   0  20  36   0  22   0   0   0   0   0   0  22  0.65 0.19
  471 L    -1  -3  -4  -5  -2  -3  -4  -4  -4   2   4  -4   2   2  -2  -3  -2  -3  -2   1    4   0   0   0   0   0   0   0   0  12  64   0   5   7   1   0   0   0   0   7  0.63 0.18
  472 P     1  -4  -4  -3  -4  -3  -3  -4  -4  -4  -4  -3  -4  -5   8  -2  -3  -5  -5  -2   13   0   0   0   0   0   0   0   0   0   0   0   0   0  84   0   0   0   0   3  2.17 0.37
  473 E     1   0  -1   2  -3   1   4  -2   2  -3  -2   2  -2  -3  -1   0  -1  -3  -2  -2   14   2   0   9   0   4  38   0   5   0   4  14   0   0   2   3   1   0   0   0  0.39 0.13
  474 I     1  -2  -2  -1  -2  -1   1   0  -2   1   1  -1   3   0  -2  -1  -1  -2  -1   0   15   1   1   2   0   1  14   8   0   9  18   1  17   4   1   1   1   0   1   5  0.10 0.07
  475 L    -2  -1   0  -2  -2   0  -2  -3  -2   0   3  -1   2   2  -2  -1   1  -1   2  -1    1   2   5   1   0   4   1   1   0   1  44   2   5   9   1   2  11   0   8   1  0.22 0.10
  476 S     2   0   0   0  -3   0   3  -1   4  -3  -3   1  -1  -3  -2   1  -1  -3  -2  -2   23   2   3   4   0   2  25   2  14   0   0   9   2   0   0  11   0   0   0   0  0.32 0.13
  477 N    -1   0   2   0   1   1   3  -2   3   0  -2   0  -2  -2   0  -1   0  -3   0   0    1   2  12   2   3   5  24   2   9   6   0   7   0   0   4   3   5   0   4  12  0.18 0.10
  478 Q    -1   2   1   1  -3   2   2  -2   1  -1  -2   1  -2  -3  -1   1   0  -4  -2  -1    3  15   8   8   0  14  12   2   4   4   2   8   0   0   3   9   3   0   0   4  0.23 0.11
  479 I    -1  -1   1   0  -2   0   0   1  -1  -1  -1   0  -1  -1  -1   1   1   2   2  -1    3   1   7   3   0   2   8  12   0   4   6   5   0   0   1  17  12   3  11   4  0.11 0.09
  480 V     0   0   0   1  -3   2   0   3  -2  -2  -2  -1   1  -2  -1   0  -1  -3  -2  -1    5   4   4  11   0  13   5  25   0   1   3   2   5   2   3   9   3   0   0   4  0.20 0.11
  481 K    -2   3   1   1  -4   1   2  -1   1  -4  -3   3  -3  -2  -1   0  -2   1  -3  -4    1  19   8   9   0   6  13   4   4   0   2  24   0   2   2   5   0   2   0   0  0.38 0.17
  482 K    -1  -1  -1  -1  -3   2   2   1   4  -2  -3   1  -2  -2   4   1  -1  -3  -2  -3    3   0   2   0   0   9  13  10  12   2   1   9   0   2  21  11   2   0   0   1  0.42 0.17
  483 S    -2   0  -1  -2  -3  -1   0  -2   4   0   1   1  -1  -1  -3   0  -1   6   0  -1    0   6   1   1   0   0   6   2  14   8  17  11   0   1   0   9   3  15   2   3  0.34 0.17
  484 T     0  -1  -2  -1  -1  -2  -1  -1   1   0   3   0   2   1  -3  -1   0  -2   0  -1    7   3   1   3   1   0   5   4   5   5  36   7   8   8   0   1   5   0   2   0  0.14 0.12
  485 S     2  -1  -2  -2   0   0  -2   0  -2  -2  -1   3   1  -3  -2   2   1  -4  -1  -1   20   0   0   0   2   3   0   7   0   0   7  23   4   0   0  17  10   0   2   4  0.23 0.17
  486 L    -2  -3  -2  -4  -3  -1  -3  -3  -3   2   2  -3   0   4  -4  -1  -1  -2   2   2    2   0   2   0   0   4   1   1   0  14  17   0   2  28   0   6   2   0   7  15  0.38 0.18
  487 F    -1  -3  -4  -4   0  -1  -3  -1  -3   1   3  -3   2   4  -4  -1  -1   3   3  -1    4   0   0   0   2   3   0   5   0   6  34   0   5  19   0   4   3   4  10   2  0.38 0.18
  488 S     1  -3  -2  -3   0  -1  -3   5  -3  -2  -1  -1   2   2  -3   0  -2  -3   0  -2   10   0   0   0   2   3   0  46   0   2   4   3   7   9   0   7   1   0   3   2  0.52 0.22
  489 I    -1  -3  -2  -4   1  -3  -4  -3  -2   3   3  -3   2   2  -4  -1  -2  -3   0   1    4   0   2   0   3   0   0   1   1  21  38   0   7   8   0   4   0   0   2   8  0.42 0.19
  490 F    -1  -3  -2  -4  -2  -3  -4  -2  -4   3   3  -3   2   2  -4  -2   0  -3  -2   2    4   0   2   0   0   0   0   3   0  21  30   0   5  10   0   2   6   0   0  16  0.38 0.18
  491 L     1  -3  -4  -4   1  -3  -4  -1  -4   2   3  -3   0   1  -4  -1  -1   1  -2   1   14   0   0   0   3   0   0   5   0   9  44   0   1   5   0   5   2   2   0  10  0.35 0.18
  492 G    -1  -4  -3  -4  -4  -4  -4   6  -4  -4  -2  -4   4  -4  -4  -2  -1  -4  -5  -4    4   0   0   0   0   0   0  76   0   0   3   0  13   0   0   0   4   0   0   0  1.37 0.40
  493 Y    -1  -3  -4  -4  -3  -3  -4  -1  -2   0   0  -3   5   4  -4  -1  -3   4   4   0    6   0   0   0   0   0   0   4   0   3   3   0  25  23   0   4   0   6  19   8  0.65 0.27
  494 L     2  -3  -3  -3  -2  -2  -3  -1  -3   1   2  -2   1   0  -3   1   1  -3  -2   1   20   0   0   0   0   0   0   3   0   7  30   0   2   5   0  11  10   0   0  13  0.22 0.14
  495 L    -2  -3  -3  -4  -2  -3  -4  -2  -4   3   2  -3   2   1  -4  -1   0  -3  -2   3    0   0   0   0   0   0   0   3   0  16  24   0   4   8   0   6   3   0   0  35  0.40 0.18
  496 F     1  -3  -3  -4  -3  -2  -3  -3  -3   0   3  -3   6   2  -3  -1   0  -2   1  -1   15   0   0   0   0   0   0   0   0   1  26   0  36   8   0   5   6   0   4   0  0.52 0.23
  497 I     2  -3  -3  -4  -2  -3  -3  -3  -3   2   3  -3   3   2  -3  -2  -2  -2   0   1   27   0   0   0   0   0   0   0   0  16  31   0   9  10   0   0   0   0   3   4  0.33 0.14
  498 F     0  -3  -3  -4  -2  -3  -3  -1  -3   1   3  -3   0   3  -3  -1  -1  -2   1   1   10   0   0   0   0   0   0   5   0   4  38   0   0  18   0   7   0   0   3  15  0.27 0.12
  499 L    -2  -3  -4  -4  -2  -3  -4  -5  -4   2   5  -3   3   0  -4  -2  -2  -3  -2   1    0   0   0   0   0   0   0   0   0  11  72   0   7   3   0   3   0   0   0   4  0.68 0.19
  500 D    -2  -2   0   6  -4   1   3  -2  -2   0  -1  -1  -2  -3  -2  -1  -2  -4  -3  -2    0   0   0  58   0   4  19   0   0  10   6   0   0   0   0   0   0   0   0   0  0.67 0.13
  501 S     0   2   0  -1  -2   0   1  -2  -1  -1  -2   0  -1  -3  -2   2   3  -3  -2   0    0  19   0   0   0   0  15   0   0   0   0   0   0   0   0  17  36   0   0  13  0.25 0.04
  502 Q     0  -1  -1  -2  -2   2  -1  -3   3   0   2  -1   2  -1  -2  -1   0  -2  -1   0    8   0   0   0   0  17   0   0  15   0  39   0  12   0   0   0   9   0   0   0  0.17 0.04
  503 F    -2  -3  -3  -4  -2  -3  -3   0  -1   0   1  -3   0   5  -4  -2  -2   1   4  -1    0   0   0   0   0   0   0   9   0   0  22   0   0  46   0   0   0   0  23   0  0.46 0.04
  504 H     1  -1  -1  -2  -2  -1  -1  -2   5  -2  -2  -1  -2   1   4   1  -1  -2   0  -2   23   0   0   0   0   0   0   0  35   0   0   0   0   9  22  11   0   0   0   0  0.45 0.04
  505 G     0  -2   0  -2  -3  -1  -2   5   5  -4  -4  -2  -3  -3  -2  -1  -2  -3  -1  -4    0   0   0   0   0   0   0  74  26   0   0   0   0   0   0   0   0   0   0   0  0.81 0.04
  506 A     4  -2  -2  -2   0  -1  -1   0  -2  -1  -2  -1  -1  -2  -1   1   0  -3  -2   0  100   0   0   0   0   0   0   0   0   0   0   0   0   0   0   0   0   0   0   0  0.42 0.01
  507 H    -2   0   1  -1  -3   0   0  -2   8  -4  -3  -1  -2  -1  -2  -1  -2  -3   2  -3    0   0   0   0   0   0   0   0 100   0   0   0   0   0   0   0   0   0   0   0  0.93 0.02

                      K         Lambda
Standard Ungapped    0.1312     0.3118
Standard Gapped      0.0393     0.2670
PSI Ungapped         0.1285     0.3192
PSI Gapped           0.0393     0.2670
